Path
0
12583
3802
14326
8585
7291
13238
9412
14867
2932
1990
13383
13136
5208
43
16156
13019
16629
4885
644
5327
9813
10032
17627
1258
7789
13740
13211
16741
5168
2729
14829
2354
1781
144
2236
6856
14235
1956
11396
13879
6970
14396
5211
5818
16704
8749
10735
8437
16872
4193
4716
10409
9485
16071
11335
14720
5592
1856
4631
1154
7838
46
7260
13749
1107
5315
7570
8
4252
12893
12679
7951
8964
5767
260
3536
16282
16427
13182
11873
3137
13778
14305
3341
1262
2365
5235
13445
6487
718
1799
2868
2204
10115
4928
9707
4996
7296
6470
8983
2167
5351
16909
11830
16951
3186
7122
8726
10359
2086
11784
14255
14610
14758
16163
13655
16811
11971
14298
1695
2921
259
3252
854
13769
9829
11749
8261
9839
5579
2107
11365
11275
4146
1546
1957
8134
14799
12479
16926
8444
2866
14820
9544
10498
11735
537
8211
13713
15963
13491
4166
1388
15031
2652
1233
3224
15349
10551
1293
8634
2057
12948
6632
5687
6654
13884
957
16754
9458
3345
1877
8610
4931
7722
14848
13703
7768
11152
5340
3683
464
3749
12758
9125
15940
14994
2417
9760
17343
2530
936
10627
4211
11666
1916
2910
4862
3183
226
824
9653
17278
2239
17749
11867
970
10180
8817
8403
16353
14755
3774
3626
10047
579
9557
11503
4559
12253
14107
2076
6064
1429
1706
12358
12349
726
16922
6950
571
3085
5289
252
6650
15210
672
12750
12418
10832
3667
1594
12983
7914
14024
9585
6017
2664
12432
17653
8343
8783
4755
4034
10682
15946
16902
3642
11040
10732
4829
7654
7707
11332
10399
6000
12361
9022
15891
7412
1436
9158
6270
5479
17098
16970
7717
3771
12407
10889
16053
11594
1485
1705
13282
10311
7263
14334
7034
16174
4980
12864
2116
7110
7310
6532
923
3644
5460
17011
4048
2386
9641
14904
3842
11635
3471
5219
16208
16530
4760
1820
4243
17233
991
800
14401
9936
12165
13365
12699
17326
11874
356
6560
7170
9348
8649
13222
12804
11483
401
14622
10448
228
15667
3770
15170
7677
7321
4105
14104
12885
9547
1765
8862
12540
8149
10149
3062
11994
9224
321
9404
5492
17239
14143
8702
9739
16016
5945
719
5339
6638
3583
16885
15388
920
2671
13352
9725
4999
3578
4550
3660
13472
12897
13674
13215
5414
12844
5216
14548
6329
7710
4442
2106
6165
5706
13443
17704
15137
10353
10495
7574
3957
15312
7714
14211
3674
6284
1656
429
3284
5195
12465
13317
7266
11340
450
14007
9164
14244
2062
11746
13072
5645
8682
3729
7901
3559
15070
10584
7900
11035
3876
16131
15407
11330
13990
10148
17221
959
11082
568
12125
5085
12383
3462
878
7059
14617
15948
3167
17054
13396
5322
11067
2726
11876
12024
3082
3818
3438
4461
75
6067
11850
13299
17210
3364
15652
3383
13084
17280
2900
7025
64
4732
9087
15816
7843
10146
10124
8490
887
11460
5223
5879
13089
1327
2012
4549
7393
1030
11249
10678
12742
7457
8508
2026
14738
7415
12721
6890
16430
12162
17655
8917
3232
6754
105
16602
16528
12046
4024
1205
4766
16542
15970
2978
7495
15953
14002
15742
5344
16982
805
2552
4251
12195
15242
13846
2956
3675
16863
7967
918
3206
5308
8758
10244
8690
2999
4376
2793
8943
7738
12121
4848
16041
14572
16391
2324
9795
9129
9029
1204
1858
9636
11898
15600
7940
4652
1056
4828
14449
123
15542
9237
3356
13268
4567
5800
8923
7318
498
16050
999
8631
13020
5928
15352
16454
7417
4085
10332
5984
9104
17740
12067
5996
17112
583
6541
3914
14186
5135
1105
14270
9405
2670
15163
3086
3350
13608
11281
9295
2831
10662
17490
416
17249
510
14098
14710
247
3475
12803
8458
520
9052
8118
3147
2819
3941
15809
276
14654
6944
4113
3052
11373
8364
12048
14696
2376
1368
11232
14967
14505
14268
5074
17397
10837
17167
4173
6956
1306
10680
2791
6923
15544
17573
5033
8160
15547
11454
14628
5581
3704
10597
1978
9440
15093
16272
16367
444
1267
13914
3460
8666
11669
14949
15184
6033
10157
250
2171
12293
17481
11779
4538
14831
5365
10116
8365
3785
3063
15169
16907
7228
16469
15619
1731
11005
8335
9368
12882
17608
3004
172
10659
1514
1324
17270
9073
3425
15414
14688
16323
12630
13174
4661
14074
109
12021
7435
9903
16591
6100
13067
4962
4213
9435
7364
11765
7133
12840
3444
6149
9185
12628
1310
759
17341
5987
16379
17757
15998
10825
2411
9599
9634
11329
12842
9543
9026
12790
5491
17681
3612
611
2375
10296
5792
14146
1841
8934
7535
15759
15051
4861
14483
16691
15701
10289
16789
1653
3860
210
802
16048
2557
9656
11098
12
1981
9365
8248
267
12642
6507
4326
2527
13796
11698
10056
16471
1448
1160
3678
9262
2643
14030
5971
9306
14303
3902
8842
12741
1471
10527
16969
13169
16735
5097
3736
3509
9382
10991
15756
10021
12777
6623
13513
425
17521
10364
7757
17258
11353
6569
17323
16295
11904
6058
15360
13562
7491
10826
15228
5602
14863
8851
15750
1662
9415
14306
128
16814
7831
6920
1640
2466
7215
7555
17695
8609
8714
3441
2382
16788
2661
13103
10041
5245
12922
14336
4511
16346
8656
9700
4639
6021
4184
4787
15454
6220
9474
15779
11963
1622
4630
6756
11929
17498
3046
5831
7062
14018
13806
7813
3717
493
9699
16959
16515
960
8387
17389
5835
5233
3716
16641
2465
8559
13893
693
1406
1087
17713
17146
16328
1740
5353
5743
1943
11584
17193
11117
6573
5336
7866
4181
8323
13320
5185
8584
45
8035
2316
9611
17519
17382
16270
6202
16180
2848
6863
10300
12541
3056
3956
9395
12531
17569
161
11813
12153
4242
11677
16073
10240
101
2607
3109
13420
7573
6901
591
2
4440
4342
5812
14444
9637
382
16160
14171
14498
6666
12181
10960
8909
2538
15623
6340
328
14043
13000
4606
434
11493
8880
17547
13556
6483
12708
12600
1468
7870
10375
2571
5417
5310
9288
6268
15576
7711
9741
9504
16265
9282
12769
15386
211
16844
1092
14202
13011
10598
7935
14333
17049
15925
17231
13150
13560
1782
10950
4092
11510
14117
12607
9467
1588
10640
152
6123
5101
16729
17403
15607
5907
4918
7446
9327
9571
11140
11607
6310
17230
4684
4147
7380
11011
14247
16973
15907
11547
15294
12937
11574
8308
5896
13363
16086
3567
884
15608
9575
16257
14408
4541
2260
12115
4132
4569
7097
16043
3576
3323
12603
16698
17166
8145
12938
7410
17084
4714
11691
4378
3988
7145
15116
15006
15550
7379
16514
7881
12873
408
1864
1650
7027
6118
10611
8340
4480
14702
13489
5213
4120
9893
2981
868
4601
12060
9858
11486
331
340
11191
4815
2684
458
16108
16758
914
8647
6963
17383
16687
3938
3318
6816
3381
9660
5000
16784
4512
10891
3574
8082
1678
8516
15987
15773
1881
10764
10812
10054
2697
12929
17453
13075
12186
2879
13347
8208
7541
10759
497
9000
12076
7529
10834
12328
9732
16477
12969
2137
10064
4428
12290
6025
10736
3330
2845
21
14950
10838
1718
14465
12414
136
6398
7164
11906
4099
2371
4057
833
2772
4778
16589
6034
107
15944
15720
2662
431
10592
2029
13639
6937
3002
5001
17730
11359
14501
15309
8877
13026
17004
11441
4707
9807
15874
7691
1610
2296
6960
3095
14161
12926
14639
7427
8489
2501
12196
15145
562
16551
10078
2809
14317
1810
5989
12735
17787
6629
3523
12870
8627
7642
16831
12279
5039
14150
1263
6187
12792
2082
8628
1037
12599
10870
7676
15681
5710
6214
10211
441
2666
12074
17128
261
4000
8042
14259
1994
9420
2990
6593
9682
9697
10689
6875
2787
14022
11202
10111
2929
9958
9496
5207
14420
13585
6081
8040
13478
7782
14773
5111
2945
3435
13578
8671
13859
8509
1354
1618
6250
9242
4503
15484
15019
10009
10497
3872
15744
8743
3335
1681
13424
17260
15923
6922
6119
3048
13996
6664
13504
14233
15868
15369
15188
962
5717
7703
11102
4528
16940
2433
9090
1535
8477
7908
16441
2686
4800
4723
3208
9794
2079
3089
7362
17500
12709
15638
9401
3637
1722
7997
8868
16486
4535
14329
4729
17711
6815
6422
5006
3627
8595
10268
3787
15278
7422
7078
12483
15656
4555
17572
9204
15147
9055
5395
8987
13837
11303
15621
14362
12222
16424
9580
13309
254
16852
12848
12136
14730
2045
8806
2073
10466
8672
14650
15642
789
661
13500
5298
14979
15298
4215
13657
10937
15319
16033
7299
10900
16284
5465
2675
4871
4833
12098
4649
17446
10462
10908
4437
8939
2776
13071
17716
11805
16671
421
6672
4636
17211
15917
3708
8603
16309
4162
8567
5829
3182
8582
11313
11021
13231
5290
11282
17284
2314
4039
2163
4453
14836
7752
3263
3514
7312
13435
12825
8562
3337
8871
533
5535
5718
3510
526
4304
5420
5021
5433
15767
13919
16708
10728
9301
15853
8430
893
3240
11435
11519
8083
7037
11149
413
17238
2207
5143
10552
3748
3397
16949
9761
14619
8676
9848
11750
11412
11224
4030
12378
7158
4745
15357
16063
499
15138
15554
6086
7925
1341
4035
14615
6016
10785
8563
15043
13584
14174
14877
10281
12956
16254
7282
8163
14760
2864
15063
929
3723
11998
270
3602
8773
8356
16313
17575
763
15687
7264
7512
5724
9584
16617
14575
3943
905
13744
10664
15
10346
2610
1025
5070
8503
816
6796
2927
5285
9113
14243
6159
5770
7806
12171
11754
15965
3699
3394
16728
4375
8000
5675
7279
7701
5561
896
8188
9184
5190
10147
4457
14542
8767
7499
12208
16575
7603
16438
8740
12166
17533
4901
10417
2749
9873
9994
1191
8832
3751
367
13982
4960
16416
10863
15255
14977
12675
7382
15913
39
16057
9442
10619
2397
3367
11752
9939
10179
7044
12150
9016
15919
9904
14167
1910
14418
7769
11089
2125
6326
3344
3377
2980
13362
4796
5947
5187
8521
4628
3279
10883
15186
11341
10620
13856
12396
4608
17091
16223
12857
5130
1451
13895
7510
7383
1608
3568
292
9232
5075
13219
10539
2834
6625
15869
2019
15108
4799
7354
12860
11543
15440
8481
4803
3558
17402
12058
2398
7396
6698
11451
1088
13055
10777
16769
7637
4738
9876
11279
733
14945
5863
6904
16286
424
3896
17388
1754
3745
8094
7324
38
4853
17525
5599
5494
6288
10945
17250
4770
1497
11794
320
5870
5862
4843
7378
12566
8354
1042
3110
5299
12468
1986
3429
14680
16158
179
676
8665
17780
14981
13213
1845
6318
5394
5904
10618
15469
5691
8888
11478
5752
14916
11990
16501
16406
3236
12085
11917
16924
14608
8946
700
15876
8977
16482
9777
13751
13395
16581
9255
15983
6368
11618
8900
1447
4609
13964
7961
13187
12018
1723
9630
15206
15333
3847
9100
10977
12809
6582
1173
3485
10905
3032
3418
8422
16161
9744
16431
9028
2017
15399
3922
15905
7685
6035
5648
6738
3411
9687
5756
15792
1786
9371
8361
6050
11978
10921
1868
6604
15548
13748
5205
96
9342
255
1185
14031
9273
11398
13661
11711
15844
4264
7911
6803
3188
17798
4916
7
11212
5935
554
3800
12616
7746
16637
7307
129
6935
9423
8171
14529
16734
2731
8322
4077
13069
13260
12919
12373
16892
5617
143
2854
2892
16731
1694
16273
12008
13777
3790
1063
716
4747
16279
10277
1086
8024
16537
3866
7730
10669
14322
10667
11142
3178
11806
4679
16686
4488
9613
8795
11154
91
17087
5872
837
4040
5251
4816
8038
5559
13559
7602
1851
15367
12263
295
13398
11610
4863
15327
17440
5150
10220
4761
2641
13188
10127
5821
10259
11301
16613
10203
14944
7630
16914
5631
3795
11453
6752
842
8753
11314
15850
7996
9736
8986
10717
5483
6435
9466
15966
14795
11942
13147
8102
2847
6878
9280
4818
7147
167
5301
3222
3996
3961
326
5729
14369
11122
4372
13232
9007
5594
7444
12918
17640
13644
11790
11019
4632
16520
17766
15514
4101
13444
5107
7065
11150
4925
1386
5758
1265
522
2222
10985
10817
13130
9091
17483
11
17261
14735
13404
7985
5139
7540
1297
17629
6363
207
1053
11400
7351
1393
8478
12534
1572
17649
10072
8093
8881
8716
12493
13367
12624
17361
6889
4026
1352
12322
10536
7113
4597
9639
6248
8529
1141
6865
1136
15200
6212
2785
16051
9324
6305
1431
10558
15968
14451
4946
12296
6785
44
680
14297
14543
16094
14217
13763
4471
8592
13100
3616
3076
1661
11910
892
10042
10218
7144
17094
14885
13364
11926
14862
15567
14394
15906
7219
16333
10413
14510
15026
94
10246
727
6405
3969
1230
13627
16539
2485
3944
5629
5109
2613
13890
6452
9195
16624
11780
1433
381
7621
4573
13723
15259
5749
11961
8922
6057
11349
6514
16702
14000
17494
14727
6653
13821
17131
16597
14229
3952
13221
4867
11826
7372
4705
7124
6855
4986
11413
2000
7155
8337
9643
8936
16392
8126
16422
9705
14557
15000
2619
4163
14998
12275
1111
17235
1015
2812
7442
7295
8703
15522
5860
4906
2872
15343
2987
5739
16680
2559
1860
11107
14364
16599
6819
14897
17293
4921
16398
7413
7893
16962
3527
17715
505
12159
8694
10949
13259
10696
16696
8996
3563
16362
9409
9834
13677
5459
4351
2792
734
11745
3107
12706
13665
10607
17721
14357
4585
8614
15453
2817
14514
4953
557
13784
9635
3100
6741
904
5574
4826
11293
14198
15935
14051
1503
8659
6539
5657
11273
5410
921
1504
16434
9309
8689
13564
9604
3037
17227
7732
9338
12466
11505
11436
3469
16971
12743
9891
17195
12591
17078
13551
14471
4659
10910
11646
3457
10174
10012
7760
12669
14151
9149
6887
9704
10649
16288
2042
16684
8847
188
5147
11598
8129
10911
2955
16192
15036
12550
7251
9046
855
10784
5576
2084
17527
575
15055
11533
9782
15571
2540
16360
12847
6085
11230
12258
11588
2311
4029
7277
15611
16928
799
9750
12585
12037
7177
8612
11560
16287
9278
13917
6750
10775
15379
7214
163
3945
9141
7650
2680
17449
9949
13280
3332
15886
9310
14284
7850
11525
15631
7903
16878
17156
3965
11162
6222
8893
17357
5020
17065
3370
3040
9235
176
17405
1456
2889
3726
13253
8156
10575
4073
11753
9114
1625
5997
3680
15679
16834
7822
7585
2357
190
3226
13865
16418
14479
11183
11810
456
17060
10104
15883
7788
13303
5176
17597
15366
13468
6207
11573
12336
10708
4232
6772
6287
9329
12728
1484
9341
15040
17073
9024
12446
6105
949
3180
910
415
1208
14304
15949
6161
13955
1255
11817
2458
10522
9436
8404
11651
2104
7306
12764
12618
933
10746
1249
2196
15775
5249
6206
5616
15509
1270
16308
17457
2952
11880
2429
872
11257
93
15534
16141
9883
11008
12287
11665
7561
15304
1370
6104
15048
14033
12811
15727
2839
11554
870
11725
3
3910
14909
9373
6232
7646
5768
7420
14184
11856
8374
12645
2187
14240
131
6833
11812
9168
10981
10868
7188
10093
4287
7142
3761
6843
1502
3033
9057
11031
2899
6127
11407
6306
9683
15532
11235
216
11870
749
881
1253
17395
2794
745
12716
14480
8984
11872
9165
2863
4703
5415
7240
12556
8368
6443
4975
8331
15265
293
3538
595
12526
4307
5134
4713
14987
12664
12397
6479
17546
289
8597
1058
5726
6437
3482
2353
11622
6524
1251
390
2217
9140
4564
17115
3738
17634
11409
17542
1836
9275
981
1586
29
15518
1286
4959
17696
9291
8472
7634
6696
1320
7737
10737
10473
3395
3357
13197
13274
14130
12151
11778
12341
12448
1470
2541
7039
2949
1584
14076
5084
15520
12626
108
3966
15918
1463
7748
7063
8166
14122
10282
4311
14041
2669
4114
7953
12557
6955
941
9954
14485
2021
9520
12971
10002
6564
182
4447
13401
11130
7223
4520
2361
5478
14808
2285
1766
7257
17124
17264
6371
2935
14601
2124
11609
3059
17012
5224
573
4915
10248
964
9265
6864
17005
8378
15473
12560
7503
5569
13358
12519
14353
16241
4291
10571
298
17673
7409
2199
4316
12161
9008
15301
11487
14778
13795
13127
849
236
11290
17043
9536
7254
9271
9172
12639
3044
2514
7759
13283
4552
9564
13774
14462
2780
10844
654
15618
3580
10556
3249
2798
11616
11001
16244
15402
95
15446
9410
9239
1605
11225
17504
8677
12424
5356
6896
2509
12509
6769
13945
16198
16697
14732
8420
1647
6117
12536
4634
16121
11474
8010
3247
10698
8197
1283
17516
2890
4086
2808
10573
4688
2195
15724
11358
13510
5571
11094
16018
1008
10555
15964
8787
1826
17269
7401
1014
12015
14061
27
12874
113
5402
14895
13857
4240
5153
8569
11193
15765
2833
1279
9976
15437
6401
8164
7726
1690
6597
16640
12227
14550
1617
535
12164
576
4584
16222
6213
7834
8461
10251
14388
16825
11146
14419
12812
7653
17775
9574
14770
8757
3908
8519
15811
15583
6298
15455
12379
3703
2075
12881
6102
6751
10674
1648
14801
2307
11254
5911
11172
13164
4231
17514
6787
559
11851
6832
10836
10923
12496
8092
16352
965
2979
932
7690
3970
16456
15262
12712
17219
14574
17316
3784
16319
6986
8319
9638
13676
10964
12756
3398
12252
12154
1300
17647
8453
10175
14609
3155
10595
13967
15688
6197
6132
227
8799
2121
4269
1607
5267
9838
286
7999
5711
17562
10909
13593
9070
3857
12581
16233
8227
11596
1750
9097
4314
15151
4594
14659
1821
16596
3034
98
1597
14318
12425
10738
806
14763
13161
5391
4301
2691
7347
12257
17665
8393
17345
17121
15651
12972
10750
7989
3614
1952
15438
3265
9156
16757
14058
7474
10242
13022
1418
15027
9679
10987
15545
2637
2476
8962
16146
6107
5261
8864
10057
5610
6291
230
7652
13403
6199
11527
11891
17340
10201
15005
10284
279
16065
14526
11198
15879
17518
17678
12306
11062
6829
5280
4235
2440
3522
15626
13357
1077
4415
4108
411
15389
1377
17600
17137
17259
14169
15859
7335
1895
14428
2246
15613
7905
16511
9194
14906
11485
5197
3964
7832
9843
8075
972
6641
12996
8242
327
12092
4500
5255
6311
2269
15317
16723
12736
3552
11431
4795
9040
4484
1493
8538
14064
5590
13061
17682
10446
11013
4341
7206
8887
12209
1325
3582
1303
11243
12984
5754
3759
9059
5566
14864
4327
7166
14631
2011
13810
11141
4926
16821
2492
11405
14789
12900
6680
8940
6182
12353
9926
13543
16394
5669
14183
7974
7758
5520
9043
10106
16652
17384
7519
9116
880
8693
15498
1593
8668
6857
9591
10011
3117
4529
14204
12895
17506
17396
17410
8052
2760
13671
16300
9941
15269
555
7833
4563
7130
12461
3783
12567
7976
712
2464
332
473
2640
8284
5158
3911
13701
6802
6926
5138
1047
10403
2442
3158
11457
16076
15952
3906
346
9532
16621
11221
3288
14918
16579
4214
5676
4133
6973
17359
11160
17077
8217
15627
3384
9928
4253
354
10155
5942
199
9377
14649
16590
9757
26
12572
14568
3855
8205
9805
17161
4239
4940
3386
12281
8748
8834
9616
12077
6714
5583
15796
16343
16978
15436
10026
11148
8167
15731
5557
16380
12854
2147
1516
536
14611
5330
1108
11895
13603
14294
2742
14442
8271
13721
4412
15900
2634
12946
13669
15246
14937
5568
15936
16608
11176
14335
11729
7516
10076
9187
8641
13642
14373
1755
4662
1196
11481
7572
412
1778
5533
7761
7212
5140
14532
10314
3050
2544
4008
7480
9094
8282
3412
14582
5333
14368
100
4292
9019
11278
13758
1486
8302
2721
1581
4764
11331
5214
13289
16025
15856
122
15707
6136
14494
12160
6530
13965
9176
8115
2994
9374
14938
5735
935
17589
14248
11857
5805
16129
10004
6327
10294
5452
4397
8315
13129
3721
15645
12936
5523
11923
9824
8763
2719
12539
2838
13458
16526
3031
7210
3791
11834
10443
12235
6399
1343
7205
2273
4765
1459
10570
11648
7554
15410
5398
8005
12832
9384
13520
16625
12623
8256
15314
6810
13485
1242
8785
9977
12986
8661
8555
11014
5995
9560
14607
9014
1907
17006
5234
15380
14774
15716
10486
14182
15372
14097
10489
398
8003
15662
4123
10861
5702
15603
10568
8708
15942
12014
12203
17606
10020
15296
12158
15462
5146
11104
104
5010
3534
7505
486
8239
4834
8358
9137
12974
13228
12512
4809
15329
7667
16423
12739
12990
4599
16204
10685
8667
3327
5302
4485
8734
2074
419
6237
9109
17245
8874
6439
7200
1946
15890
12255
15456
2510
2717
17057
17602
8031
17056
7492
15295
10258
1627
2996
1839
9908
5683
14208
4854
2355
12644
1983
9161
10706
10829
15007
3072
8622
11438
10298
8245
11634
5941
9644
5282
5371
8376
17541
9082
10367
6793
17321
12023
12879
10292
8049
3174
15820
14592
6164
11310
17437
5953
9622
7343
651
4179
706
7780
5015
482
8997
12387
7927
13163
3194
10796
1317
4128
2842
14116
17272
10113
8658
8229
15960
12003
17208
10710
1812
2583
7729
6133
2957
899
12774
2810
6981
7980
12070
14044
12799
6767
8747
7915
7250
11101
8778
1655
12001
16559
3392
17421
5104
10212
1113
1567
9728
10344
2333
13993
2326
2240
5471
13707
5082
13450
6261
16756
6488
11425
9598
2914
11886
11383
16917
5504
14014
12552
3141
13626
6585
4245
15860
5238
2587
17117
13356
2734
16850
16181
4
8450
15605
3739
1175
6201
13204
4822
4663
10810
15665
11743
3490
2814
2616
14004
2294
14366
5186
4285
6078
8537
16374
8247
17550
11828
3547
1565
9658
1893
13730
5386
11046
16612
7248
13868
14565
10722
10444
6715
1477
6170
15661
13288
7820
9959
5436
11534
5512
10297
15763
11462
4739
8147
7430
10859
6894
9626
7022
15999
14614
17582
14246
16390
14090
1664
8811
11742
8960
9714
3918
83
3684
5149
2336
2631
7856
6343
10503
4258
1214
12907
1226
9366
15064
4396
7087
1641
8388
2708
7293
12939
14458
11960
10975
5293
4284
1398
10183
8741
7919
7702
4171
3299
9651
8496
349
11683
13139
12104
4702
6881
7483
6694
6372
588
1357
4992
17062
888
4168
16657
9706
11630
15272
1003
13426
13432
10797
14964
7571
10343
16006
9753
13156
1876
16306
12992
1636
17116
8392
4135
5048
2788
3719
3024
13217
12453
7431
11747
1837
14604
5712
2818
3853
7965
16002
11444
4343
11318
15178
11572
258
16388
3925
8137
14430
8234
13336
4910
11143
6949
14073
13894
4260
2050
12367
6574
1833
9968
1227
1074
6012
6722
11855
62
5933
4927
7698
732
17479
11250
7222
11581
5188
6826
8281
7923
5873
17705
4200
7522
8648
16490
14898
8373
2432
7521
16212
10585
6503
1614
17080
3553
2703
13572
7421
14940
12283
8812
5508
16077
7069
4807
14263
1906
752
16165
12118
8445
4117
2292
662
47
12172
13258
2962
6121
17431
6003
14620
6791
13575
2648
14313
9159
3863
2768
15332
2220
5092
11822
9870
7336
17019
17155
6195
10386
16678
15148
6563
12674
4973
4972
15476
10437
17794
9105
10391
12563
10034
9628
629
17209
11523
13399
1012
10269
17276
14761
1060
8276
9659
2519
16963
1579
9086
13039
2558
2598
17643
6108
8318
14535
16888
14508
4303
7812
474
2919
4693
16681
14699
8439
10609
3999
8381
2051
9797
6605
3555
5725
4517
1822
9317
17465
11360
2301
5361
376
15624
10794
11010
11975
1174
4325
5697
282
9331
1071
1609
14691
10535
8268
10642
16659
13235
5292
7697
9763
4623
9775
7835
16326
3569
16099
9767
11471
14499
2633
8266
8802
12059
1004
12987
11043
17372
1216
5803
9062
5281
4107
17501
4611
9665
8385
3309
3479
5658
7836
8952
4566
11038
16483
16105
15190
14393
1713
1285
16046
17371
3235
1296
3575
5215
9943
16941
11815
11054
17616
16523
691
1256
14012
5642
9201
9441
12878
55
13688
11248
14456
8153
3987
688
9516
1033
8448
7199
11783
3655
17554
10885
3213
7387
12130
16860
2617
3219
16598
205
6703
1523
15146
8304
1360
14594
12145
6130
7418
9963
15855
16505
12925
1287
11674
10472
9501
10774
1146
1631
2650
6779
13962
1315
14697
13900
11055
283
12609
7278
10185
16032
13093
1809
9110
13045
17532
1069
6266
6019
8955
4042
10914
15630
12617
6545
10721
13216
3506
9250
6434
12762
5684
1067
1366
8350
11208
7687
3371
16364
6006
12368
14524
16231
10014
10919
12122
13167
9036
3064
17698
7178
5667
15429
10392
11731
11820
14694
4091
8124
3596
6598
8091
8195
15962
10460
6115
14900
15275
7767
10304
9151
5312
6324
1068
15397
2883
9388
2046
6053
4051
6360
476
3408
16290
7125
4054
4570
2800
15185
3789
4678
13076
7568
15463
14302
7436
5777
4018
16195
5286
1243
3762
5538
16799
8032
5103
10321
14780
15797
17679
13787
2002
10801
7332
1566
9101
1894
12494
7762
7275
10947
6321
15096
2437
17612
1830
7643
15158
14266
3653
3755
6522
8604
2580
1328
17369
6687
9312
10621
13892
15236
12973
10668
15537
4911
682
10335
2546
3924
13886
15010
15934
7127
13353
4462
16232
6921
3098
13552
7534
894
15032
15248
7661
3239
2245
12191
12110
6226
14205
12064
13845
9128
6733
3942
5321
15068
8142
10581
15244
3813
12388
14072
11263
13537
15046
16504
2287
15813
11761
17344
13720
813
5589
2267
5019
12930
9
8066
479
11467
7705
17253
14942
471
10813
15038
10456
9853
11376
10235
15560
1254
5537
5025
8698
977
6286
16718
14854
13340
1413
16144
6657
16509
2797
1291
5209
4691
4493
12035
3329
17593
6954
10457
358
13480
6525
10430
7802
1444
3533
11654
3324
5064
4433
6336
12457
3679
12667
3136
8215
8346
10272
15771
15359
7970
447
3376
15790
14032
5643
12401
2744
1757
420
11108
8412
15216
1416
11182
4381
10661
10830
3937
6074
948
7471
8396
16773
82
796
16143
132
3539
10970
383
13229
5160
9147
11576
14939
5055
14115
10435
11571
656
12416
4300
5127
9878
15629
955
6565
5778
15947
12517
2331
17743
5978
11785
13446
6561
2419
3126
7942
10684
6905
13654
12584
14931
350
9111
5819
5681
4978
8831
1941
1443
12883
5393
2906
9462
9965
3387
6139
16439
1239
14878
7226
4383
17555
15969
5526
10192
3877
2789
14606
7327
5148
9529
2682
4699
7128
4626
14626
2702
2902
14325
909
14156
7006
3246
8423
9791
14706
10420
5689
11210
14912
13538
2014
6441
17252
16214
3638
8650
2369
7594
2219
13038
5388
11085
12886
13998
6427
17132
140
511
15903
984
1198
5824
13972
17041
11843
1965
17053
14328
16411
11061
1951
2172
12935
10379
7727
2886
8470
99
10361
3214
16202
13929
2840
5152
3781
4546
976
8158
14027
4942
219
3840
7195
5318
16911
16128
4068
14356
4668
4155
8576
10561
16988
1193
15494
13695
16409
2628
8937
12719
17694
9922
485
5
16269
5544
8735
16293
1093
11532
12934
8299
9385
1059
12611
4201
14972
369
17046
12783
7365
4229
4425
966
15691
17138
14432
7625
14416
9592
4762
15893
7002
448
12117
4080
6908
14978
15099
12688
16267
3535
3238
10429
16111
2653
12998
11267
11025
16618
2700
4790
472
4945
11507
15282
17183
12943
8533
6069
5925
1237
1428
2141
9088
2825
6314
5008
13829
10007
17791
10193
17170
12779
14264
14973
11076
2930
14571
13449
6909
5769
3349
12205
6498
6099
3730
12637
17390
12243
2059
11658
13555
9779
14541
4590
7146
15785
7826
10867
11591
8884
4027
12849
11902
16810
5944
2047
16067
10580
6948
9509
7552
4645
1649
10854
14852
14354
4028
6283
5856
9645
9315
2450
12838
7231
8169
17327
4219
4909
12793
5443
11690
1759
3468
17800
1742
13032
5094
17451
391
1544
5646
16919
922
7333
1126
13092
4726
8173
1612
9681
14826
3968
141
17590
4430
237
7452
5071
8742
5495
11452
16294
1091
11562
12604
13059
10886
11231
8058
16651
11604
2915
12579
3926
11381
15525
4943
13158
10768
5287
395
17664
15479
16134
4022
1323
8206
6134
13185
12510
4175
11339
2539
14454
15735
5200
15400
15253
8982
8953
4483
1582
3119
7623
6834
14641
16207
9058
11110
17430
13066
17013
2368
9215
8965
4209
5366
14733
17290
2556
10687
5350
6048
6472
11229
2764
15396
5307
12578
6551
14846
3452
14490
4886
11987
17468
5481
15831
14403
9770
9234
5580
8233
6550
5982
10184
16642
13876
11842
10524
12364
4947
13841
16986
5696
14409
13360
9296
14971
13939
9272
3549
6885
14886
14823
3124
9117
11825
17176
8413
16219
1606
11079
13110
15241
7853
744
5252
12333
10512
9511
1667
12052
17739
4847
438
1180
1023
1024
7515
1248
7029
12621
7674
704
13521
10917
8135
3587
8844
1817
6859
12666
25
5404
15726
15529
8601
14839
9084
11526
10972
12419
12262
14962
6630
14870
8825
12004
13980
14668
5874
15069
10062
4879
7814
714
15904
7072
9171
7360
6504
7830
3047
11066
8638
17126
1903
3328
3421
6736
2179
2924
7576
5540
6193
11839
3528
17151
314
11606
12668
10322
3164
8183
12265
2740
6601
12786
15684
7979
4733
17055
138
11887
1130
2232
5206
9890
17585
10468
16824
6407
13173
16317
407
11714
13635
7453
8383
7582
12815
10898
5173
7754
1526
4479
17223
16342
11222
3015
12071
518
6506
525
12169
12508
5506
16017
3883
16586
3967
4208
5923
14316
12201
334
9379
5324
16117
7055
7156
11633
16934
4432
13818
2767
4140
16752
11792
17503
766
7488
7776
15660
15348
5297
16083
17565
13054
12887
8018
17564
16930
6457
11649
17204
2420
2272
6682
7174
17180
16655
9809
15130
1944
16087
11808
8062
8029
14036
6966
1816
17699
14203
2984
17035
3130
4610
8362
7258
405
5766
11045
6278
16742
2281
14152
2495
15217
2250
6929
11300
6755
2237
17469
4348
15489
671
10317
4849
11968
4293
8389
9569
8216
6533
12532
801
15504
13905
1487
2308
9874
11835
4995
1814
10069
8372
12326
7766
10523
16937
17426
9249
7668
10023
16767
2332
17348
1229
3919
14341
7008
531
11538
10066
12697
12734
17350
14520
5162
1132
14889
8338
16437
3108
14648
12952
9920
6135
7556
12852
15516
1311
11909
1238
16242
11888
3560
7926
15732
14827
11395
4969
9846
13920
16508
208
15535
8017
3336
15788
3470
12240
13077
12797
10932
7844
7800
684
5682
940
13548
10610
3620
9336
5225
3134
8994
7001
16316
4516
3259
191
13949
15261
14703
14642
11472
9144
15599
7784
5247
17391
6265
5469
16694
17735
12019
16877
2251
17066
17083
1048
3459
10663
4153
12462
14158
1044
16185
7116
13201
17075
287
7610
546
3308
290
15383
16692
10971
2215
11965
1909
7753
646
9804
10938
5771
4299
6777
4334
17768
4689
3874
10143
17536
11387
17587
10362
9762
4936
15754
3001
7154
633
16823
14681
13873
12855
13515
15044
1657
8221
13346
11568
7684
6082
6186
15408
5183
12545
10993
10629
7651
9017
17728
16843
13618
5447
3592
14421
16088
11517
6760
17291
6145
2338
6940
16435
214
5723
8699
1753
304
12377
1331
13269
9512
6150
8761
11726
12216
9463
2750
7743
14884
8613
5806
3501
5369
17081
15714
15276
7344
15127
11566
11693
1062
14715
14157
10118
10461
2941
9328
8320
4324
2853
8415
4823
13325
2499
1599
7342
15748
1561
11047
15590
5782
13180
12606
17198
2066
11582
2113
8199
6158
2254
14214
1421
11803
17474
6141
16639
3360
4839
16246
3671
8110
9038
6367
3013
743
14880
2903
1222
6719
14544
3374
9647
13048
6353
5490
11592
13781
12901
6022
9666
231
4798
10483
14908
15857
11623
2954
12412
6727
4492
3778
5880
7828
15894
13387
2231
10324
13196
7298
14828
8212
15445
9297
13830
2135
1099
15815
15480
164
12180
11889
1305
15207
8561
2321
14930
17591
409
13652
9292
10756
2584
2221
12339
13081
16546
10170
10342
5884
15738
1840
12434
9305
8243
14387
13465
7023
3071
9245
16840
13937
16485
16258
11894
9523
3334
16188
17748
4036
2490
7993
14034
6501
12914
9456
10351
1411
1654
8345
442
3700
15415
1363
15664
6092
14597
14822
10723
6350
14071
3779
16114
6644
9785
13487
11223
10639
49
7030
1620
11297
8993
9424
10336
2897
13334
6072
4758
13933
17463
15284
7523
14128
6247
527
14745
13113
16883
975
5786
12307
1629
16774
15365
5457
1902
7673
8704
8336
7004
6460
7441
9561
13189
9990
10672
12219
6128
4964
15434
2151
5859
2971
8591
1532
8886
4763
7790
13191
15747
2615
2985
14855
13860
13650
15426
15362
8821
12796
13938
10903
16990
618
40
16724
14145
13203
12315
1147
10447
10517
8883
15325
10605
4912
2498
15097
2574
689
2887
15784
8359
2197
652
17154
1210
5666
12215
12325
9170
7463
11699
6388
17030
6520
1517
5191
10670
169
9353
5259
7194
15313
3836
127
6294
11127
13409
7479
13454
9259
7770
248
6459
2370
16669
15013
3594
13257
3868
2229
4279
9820
5662
13847
17152
4553
4878
3631
13210
12411
6523
9452
10372
7626
12805
4033
15125
7514
12760
9540
7868
13925
16478
1888
13106
15814
11911
1381
9047
15496
11925
15941
10906
5125
13734
15634
74
6869
13466
13651
2431
17217
13880
13736
572
7185
3039
8407
11246
11032
13175
10899
11074
10013
16561
15740
17022
11114
15780
8618
2095
3080
8853
17309
10301
5294
14516
17614
12587
15526
6840
500
14538
4698
9276
465
5354
15521
11274
7885
6706
14966
10094
10084
15157
1528
16569
10312
3621
6277
17300
7131
11294
13484
7689
5905
3769
1177
5605
8629
1869
8599
3269
11128
16620
6024
17205
11728
7329
9925
5746
17169
7969
5029
16507
7929
10793
5131
17789
15832
10791
12634
3604
10677
634
16882
9997
10140
12042
92
10405
4674
8841
16817
7183
11689
13271
2486
9004
14580
9478
16091
1699
5790
13802
492
3068
3272
6724
6425
2618
2602
11949
9178
10718
2668
16776
11997
15199
17039
3807
2155
16021
11199
4385
12487
14910
16363
17477
4087
9895
658
10071
16499
10562
14643
17657
6383
16492
6893
2459
2413
12851
13959
10572
16913
14624
13218
7709
9068
16206
8144
16700
12928
1850
15749
944
6992
1794
1601
1802
14709
10715
10819
8804
3049
2165
17134
3913
2982
3705
15889
2031
15474
3618
364
7879
6419
12051
1194
14279
3741
5586
5732
10828
16347
3990
5673
1846
4374
7756
11352
13306
9932
7966
16869
4283
8462
6001
16798
10132
4616
7086
9445
16792
3388
907
4894
4463
10986
1672
13954
5518
10875
11287
9258
11059
8076
4109
15566
11449
13097
8845
12095
814
8828
12651
11980
15381
6126
7460
655
8224
7502
13205
3949
10714
11092
11026
15764
14441
5012
6879
4547
13386
13155
9380
891
14990
6836
12447
16796
16331
4580
15041
13359
8479
13015
7323
1319
17772
4813
10363
7290
5620
8081
5970
8240
12321
739
5963
11099
5785
13459
4988
13297
10295
2884
8103
9002
1642
13339
8947
2874
16221
9188
5066
16923
8510
3171
5788
11680
14903
12420
596
14790
10766
10912
5564
11995
5400
7786
9020
867
16480
7005
11999
11597
13797
10471
14584
7126
1353
4157
11179
7477
10442
12308
14468
11583
11696
13094
4929
1919
1804
6689
9988
12173
17342
16354
14687
11692
16812
16147
17288
1402
10865
12770
16516
943
2181
17279
9081
8386
9337
8333
2409
715
11277
13673
17548
17459
16794
5878
7011
9916
4156
7740
12846
17651
9279
9673
6979
7108
4882
6223
1912
5960
5852
10782
3358
3562
15124
7536
10382
4664
16755
12335
12490
3230
3020
10144
2293
15364
162
8007
2110
13505
17257
9477
11799
1512
2446
5069
16577
11049
5720
8590
9905
11697
6120
5112
2032
3433
4102
1166
15908
14265
12863
11361
5830
3834
5102
14948
4855
2119
12010
4358
6143
14289
17759
16425
12406
15286
9649
12369
11242
16110
7400
11921
13455
10475
9578
17795
14077
14521
10238
11811
42
8252
8729
10089
8616
9624
11167
5891
8695
9901
14069
1671
7428
7357
7933
5378
6783
12755
11530
15725
9953
17299
12033
8854
11181
4017
8550
17776
12725
16336
16541
4371
4804
5453
13138
11678
10928
1035
10676
3931
16039
4658
3079
11327
16475
15972
1307
6556
12657
1472
12277
6874
4881
12791
3231
15863
523
13820
12593
16615
14511
17442
10280
4842
15958
16436
641
12988
14088
14714
8517
13728
14813
14621
9951
8606
10763
8181
10603
11203
16667
2493
11189
7265
902
14960
12715
13863
969
9196
388
8979
6113
11514
9577
14280
10795
3844
14345
10864
4247
9751
2234
11540
1700
1170
14781
12933
4387
11215
192
10879
8106
14221
17027
11879
13975
17164
6951
13973
5123
5784
15078
12177
17349
613
17786
3453
6263
5618
11605
10291
11920
13943
4137
3812
12533
9308
11897
7376
3878
402
7537
17135
13296
17182
15769
12817
3516
13351
5651
10073
7595
10998
6622
6370
3407
1979
1870
15394
12598
2858
2319
11118
4933
6481
1134
1570
2747
1240
14163
8192
7249
15505
4949
5820
12437
14324
12829
11985
13145
12083
1738
8925
9254
10333
17
13050
6438
7225
8098
926
35
13854
890
13245
13013
5898
13008
16832
2202
15350
7724
7464
1827
10608
14475
7994
4830
7167
15072
6999
12724
4588
3251
17302
14078
8360
7700
512
5426
12818
2832
16194
12131
4603
6066
7882
17767
15510
10037
6315
12905
12884
8815
5049
8086
11237
9718
12352
4356
8598
5604
1578
17385
521
16746
3317
15683
10641
2911
15237
11051
12472
2238
13249
6749
17734
4280
3058
14216
10075
12867
14664
4071
2743
7337
16889
5432
5172
1013
861
4989
196
15736
5914
2784
1340
1481
15292
5991
6634
12348
17379
13523
3145
5915
16566
17636
6870
3936
3586
12346
4350
15959
4587
1211
5798
8363
8768
2512
16819
16464
5100
10831
7160
5876
14309
10904
15281
11626
7467
13341
8823
14663
17736
1563
8520
10658
15471
14102
1999
543
11370
12393
15640
16443
4534
6976
2663
6320
2576
7517
2851
873
4486
11071
13025
16484
4190
12170
11178
16521
10952
15553
14154
5598
8863
12872
5300
5164
10901
1414
17485
11030
487
13057
11195
1915
13647
9792
13338
1479
6273
13497
11393
17492
12417
3312
459
4010
13678
5763
3600
10983
7636
1746
10305
7917
1350
12968
173
10482
13926
4582
16953
16010
10941
2696
16283
11233
11868
3862
9402
17703
12994
13896
6743
14757
8465
9155
731
7204
15211
15887
832
4129
15300
16715
7986
8128
4812
10338
2043
1018
608
4718
13591
10356
16550
7137
13433
15351
300
12408
15588
14052
6614
15675
7331
16921
2058
8670
11899
9363
12615
224
5948
11113
3649
14140
14882
13206
15279
6770
13382
610
16468
16301
1373
11217
323
185
3591
4880
8418
12345
6745
463
468
541
6780
2861
16169
15988
924
16853
12193
16205
9362
7311
12710
1080
16933
9240
13261
9284
2881
11615
15310
2455
3839
14453
2862
12954
16259
5401
5529
10671
540
6702
14690
15218
14751
8574
10719
14383
6946
10593
16216
13664
11488
3980
58
913
8078
9287
14748
12837
6860
13874
11489
1942
2158
1394
16793
5184
14398
1162
12102
2888
13391
5271
9919
3385
6639
223
10233
16778
15030
12903
8084
5022
1081
10615
97
14404
12751
9917
16234
15835
10005
5474
9013
4864
15270
9135
4797
7628
580
16736
16906
16879
8501
2595
1714
12402
6209
8286
353
11733
10326
10254
7193
6095
15995
1955
1372
13237
13310
6142
7945
5311
7531
17556
11093
10996
5442
6967
1835
13082
5897
13041
5296
10237
7161
2170
9510
5921
14660
17540
831
9982
203
17335
15287
5834
10956
2192
14899
10961
3673
7032
10703
9558
15898
10747
6097
313
9896
1333
9283
4968
1224
3752
14434
15718
9434
1184
17686
8039
13314
7524
6442
16413
13667
2543
11695
3998
10205
16187
5437
9535
8260
5554
11420
4049
3478
10340
3605
6055
130
17756
2088
15916
240
7338
8725
14272
8860
4690
3065
4701
8291
15854
7405
6975
10787
11619
3481
4817
6590
15354
809
16532
6304
12342
3489
3599
14395
9473
6252
3268
6568
10943
4722
12780
4683
8048
11940
8395
9506
5742
17714
11073
16886
2694
17409
12574
11422
3010
6009
17559
846
8772
8305
12979
12562
6242
6466
3566
302
13623
13368
9214
6274
931
15581
3724
14433
11762
4088
3709
17140
9471
9937
8865
1795
2974
11188
4793
13474
193
4653
2685
7890
6002
14440
10070
15761
15008
6210
10262
8060
4094
2555
14506
7377
2402
9333
13683
5348
13693
13835
7764
5573
2027
1763
8524
10390
13833
1933
17571
8434
3691
10210
7777
3892
13699
4757
14891
7322
11410
12602
3223
16609
14219
3909
17513
14646
9432
4913
5382
850
13498
11111
12147
5979
4967
8269
7084
14213
992
15033
14495
6245
8101
4393
13549
17406
10401
12891
2255
13659
12405
11890
12362
16668
13105
12137
4706
5463
14185
8738
11549
6402
3685
2072
13801
495
5470
1380
4883
17762
9247
11900
13501
6185
15209
3697
8473
16588
17355
12334
16818
3233
9391
7852
2001
12704
538
3375
908
8056
16489
16733
13605
6376
17633
17119
9222
341
6911
16939
4338
1178
1290
9465
6936
8366
3881
1501
17297
2491
17747
6137
17486
12045
11432
13554
13405
1920
8594
5331
11852
16253
6475
1576
16765
1022
14482
9583
17408
17466
7425
2249
2766
1109
3670
484
12272
1449
2777
14563
10380
5413
11962
16654
12022
9717
11551
8452
12967
16964
3123
1677
8251
337
6690
16164
13968
626
16476
4938
8231
17111
17607
5930
10582
15149
2736
13872
6040
15028
10860
7368
2233
5966
1192
1202
5993
13952
13915
15928
15101
4888
13102
17099
16026
3006
9493
12474
17153
4954
8565
13350
3290
17659
11703
10853
6148
61
17200
14924
4810
9357
6411
15569
3061
4792
12696
15355
4895
713
5567
9330
3091
13660
15448
362
14975
15109
4565
11147
3556
1007
12991
13931
10222
1257
17058
16493
10877
6794
5791
8220
3361
13792
10481
12647
12044
9072
1634
15824
3934
1342
15653
13658
14111
15568
6492
857
5050
12357
2695
77
4066
2174
11364
11306
8161
5319
2594
12242
6386
2507
8421
9596
17744
10496
11492
7408
7884
11177
1358
4654
11196
3636
14148
841
257
2406
11388
8310
7253
11603
17488
8719
1143
2098
1807
8079
16463
13327
552
2377
17177
5244
6744
5628
8326
17581
750
14114
1598
8493
12225
15029
13668
14283
2467
4454
13256
5603
1498
1466
11832
11343
8827
264
2439
16564
347
7771
1995
12207
8678
17455
13831
249
41
6575
10091
7693
10150
10505
4665
12276
3893
9354
9620
17610
6163
13574
8264
11636
17248
2078
6804
6576
3430
17025
1268
3529
8280
15264
13202
12217
10421
11938
1318
10414
6330
889
16312
11272
7367
16705
13696
12859
774
6562
859
14402
17737
8701
729
5018
7465
3757
2727
12054
12354
15302
15432
7107
2362
5624
13759
13904
4633
2656
5671
3078
16626
3112
12220
10200
7445
1741
7551
294
10097
10440
5486
9356
7054
9871
6477
4543
13477
15562
278
685
4192
15783
4139
15119
17267
5428
17318
2403
607
17045
10257
1602
8275
7613
11860
13595
1195
6465
13563
7558
8321
15778
1518
4612
2621
2813
156
6877
15616
8230
72
8191
8174
7123
12787
9246
11797
17329
11399
13909
4234
1235
5502
11386
12292
2710
13935
12371
15413
668
6217
7390
4233
815
11976
11977
875
5608
812
2547
17475
15103
12923
7840
3380
4237
16176
2852
14794
17336
1774
11831
17434
4771
12625
15395
15056
10541
16449
12082
5918
15836
9907
7508
13033
15842
15872
6624
14792
12415
9192
15283
6775
3257
11447
4899
4497
2071
10994
5089
7047
1469
2183
11871
2775
9076
310
14231
2997
6800
12806
10807
3780
6701
3319
10081
14245
5132
1122
12497
4981
7283
5783
2024
8588
4990
14798
3254
9864
392
9320
4578
17247
8808
1482
12801
13134
16101
7384
1006
14669
13733
15081
3545
110
3198
6718
3200
14507
10161
8466
15861
16997
8143
930
17201
13062
2421
5965
17216
2878
16835
7590
14492
16335
8892
10516
15812
15654
3822
17189
17764
12456
3792
15858
17325
2983
490
6838
8273
13384
9610
5056
17162
16994
8754
826
6691
2973
3590
5034
1632
15914
8097
10754
10852
8733
12126
12109
5670
14382
14275
1997
5083
8330
16649
9426
1275
9886
9695
4481
3417
13648
12211
11641
16415
10349
15135
6429
5194
17352
16329
8518
14764
12594
11418
6797
16307
15708
15035
1277
4887
6474
12119
15678
12549
9508
8279
78
1954
4353
12757
5002
3286
10236
6172
5317
11311
9241
3962
5877
2869
10606
5445
13666
6584
14295
11247
9304
11391
11550
4436
5063
14321
3244
13170
937
15777
13323
9307
16145
8583
9887
134
7655
7172
3170
1359
14570
5024
177
2688
119
2506
15250
6011
6256
9139
3041
4903
14859
13425
2115
11624
14426
1401
3809
17374
16534
1280
8620
9526
12772
8587
14963
6062
9603
589
2444
16880
8371
1207
8781
2804
12492
4189
16631
15570
2707
11840
4558
5277
6499
10646
4681
6906
3737
11936
4438
6668
10350
17553
12747
4321
13866
14504
8605
15776
17765
12435
3140
14105
5513
12910
3196
13719
8744
1137
10087
13024
8254
17034
14201
687
9531
5009
15804
8127
13611
6461
6985
15606
3714
17471
1508
645
7361
16677
7068
1142
1457
17101
13112
2779
1960
2268
17663
13729
769
5530
16124
12198
4721
3362
12030
7239
9964
6883
1349
8992
17242
2526
12569
14138
3142
17306
9889
330
12636
17387
9261
12839
14922
12132
5347
14379
6957
9787
16334
4079
238
6596
11777
16601
9617
791
15655
16772
7615
8652
11776
781
5587
15990
7218
9875
9121
10726
8411
9417
4586
8615
16611
10419
15822
10840
17687
14726
36
6912
12278
10156
4935
3083
1940
9299
5242
9942
13333
6333
14956
10328
5373
6795
2497
12535
3281
5472
7543
11802
12959
8468
7230
13997
6042
15391
12398
866
4704
8088
3540
7455
16175
2939
375
11931
3610
5342
16239
12896
5541
13495
4557
11627
674
10129
1212
8929
5795
2327
16082
10783
14291
16710
5077
2875
6748
10402
15487
2644
9688
4418
15996
2168
5221
10743
16781
10803
2928
4673
10163
772
14224
11694
7520
13716
7949
7359
11687
11650
12100
10519
6907
9865
986
16281
13576
12690
16376
14588
6790
15045
10341
6961
14818
2263
6051
10816
8022
5883
12789
9689
3216
6093
9475
9444
10027
1385
7411
5825
7943
16580
1038
9541
17399
11807
2529
9173
6296
1213
1669
9207
11236
11429
2266
4596
12260
14980
6880
4016
6495
2105
5626
4169
4197
17464
13760
7050
2387
16747
12582
202
1688
4568
9594
15274
13582
16243
14708
5362
6014
317
11356
556
1775
6379
5998
16177
14464
10370
15061
7988
16703
10278
4777
15478
9226
2265
17770
4515
956
10230
5517
2133
10067
15423
7224
8790
6272
14496
13502
3322
14381
13428
13596
1977
16135
17524
1367
14630
619
12239
16838
1963
9122
4958
9565
11639
1520
10465
16999
738
8838
5674
15401
2279
6500
2350
9370
10189
4473
5606
3664
15604
14851
7861
5842
10590
7921
8663
15398
6806
4490
5922
7946
14056
15340
15472
5817
14253
9800
6844
5828
16285
746
14564
7308
9675
11845
6166
9801
3128
3237
17363
3228
16950
12089
2211
11849
11316
14783
8908
14282
16235
9880
4050
9957
6897
394
13986
9860
155
5475
6026
11392
7320
10171
6917
16182
16119
3548
5142
7419
605
2317
16386
4144
7708
16954
13991
12120
13924
10599
12564
9539
13994
2960
16487
14888
15954
4043
1585
12511
11653
11385
17583
368
1383
10781
15339
7827
5957
12340
15633
8700
7498
12105
2295
4041
9461
10249
7669
51
10408
7865
11536
2132
9476
6674
397
725
11741
2122
1525
4422
6241
13200
12689
17660
3029
7429
6122
9619
3917
4317
7899
2052
10396
7857
3805
11284
17380
5177
11577
4677
6814
16816
4005
4752
13315
15865
3365
3012
7061
925
5700
3867
118
3920
9768
9572
5532
16324
5229
11078
16011
13035
2131
3870
2020
6557
16780
15699
3565
9662
11206
12000
11367
9130
8016
12944
12661
17528
2967
10936
1828
14476
1491
17304
12785
16095
11423
8207
10162
10596
11788
679
2756
3352
17592
10579
9449
11862
15528
10809
14721
9812
9538
11515
14756
4296
11091
15646
12056
9832
7454
1361
1644
1513
17192
1770
11522
7583
3871
8662
148
10398
4593
4672
14343
4313
1913
171
9398
6390
9623
7432
9847
5655
4297
16785
9906
6447
3393
9027
6281
13470
10557
1587
8894
11115
10209
13014
15011
1628
14665
11200
8535
3172
10053
6254
4521
17052
14595
13422
5722
3266
14063
954
2936
5397
2998
2531
9367
11719
9972
17168
324
4735
4791
4779
2347
17123
13852
13285
13869
2828
13385
12906
63
14288
1749
5895
13812
4182
3758
13528
9160
3189
3168
4868
1124
7825
15781
8133
8556
9346
8722
12114
912
6619
373
14896
6697
6255
17149
7045
13207
14136
2166
2844
7591
14746
882
12234
2649
16045
6902
15139
1462
10857
14461
12518
1295
7294
13963
13700
10559
7614
10397
12978
2445
7548
11002
7119
3796
14677
17732
16801
10896
16494
7848
4851
11214
13295
89
17777
946
15334
13621
15592
2824
7920
9103
9971
16876
7560
2364
380
2112
8141
15845
15198
4734
13742
13037
1710
8471
4637
4248
11736
15087
5704
14871
12192
4038
13473
2329
10989
11587
8711
16256
1704
6384
2408
3084
11135
592
4671
11109
15090
4561
14448
6735
8891
12543
335
5809
5887
13550
12370
4095
12652
15307
13569
457
2748
7851
15851
17236
17044
8228
628
10720
11379
13016
16109
4571
14155
2456
11847
13120
3764
11426
12515
2658
4724
3291
4007
6480
17266
16500
11620
7052
15315
11384
16974
4188
4329
5155
13043
10416
5672
4238
3060
14933
5258
3325
6984
10108
16761
7858
16891
16029
9015
6686
12491
4458
9414
11498
3824
2130
16371
9960
17778
15406
6559
8155
4838
9533
1529
7964
6478
8991
17622
5548
6972
1725
4775
2523
8736
2733
681
4345
7325
7975
5962
14777
5108
14562
627
10841
12135
9548
8669
9748
9684
5117
14450
11269
10082
16899
11276
12733
8985
12850
5052
9430
16828
4055
15647
3144
2225
3227
7490
9855
4923
14005
12454
15050
4749
4414
6312
466
15409
5940
13004
1420
6699
8545
2823
12380
2261
4386
16211
15285
14658
4525
15121
7141
13133
12268
12428
8593
12880
10395
11037
17763
3217
3484
12452
14389
4930
273
11738
9300
2568
16519
4470
4118
6776
1017
17609
8151
15229
7849
17378
4031
5772
15524
2457
584
14079
2243
11220
1626
1225
4417
2786
3045
8706
12061
16064
13653
2291
13916
11022
4581
2826
133
8351
4306
14633
15752
11824
12317
7014
5407
13842
4069
3093
501
15320
8902
11190
12152
14791
13930
16079
6595
13236
3801
5799
4907
7528
16650
8250
7346
1665
12467
12251
1070
723
15449
15477
1369
16100
12775
15680
4979
9663
945
6061
10274
7629
1084
3935
897
11374
14819
997
15659
443
84
15975
10690
5468
7587
5279
1009
7067
15112
3899
7101
16803
2582
7598
6847
17470
6782
898
5813
16627
13599
6723
5115
3888
13702
14260
3476
16358
15202
9515
11617
6647
10227
166
3677
16600
16314
994
8309
2593
5040
16957
6409
10036
5264
4370
8970
3307
2716
3551
13533
2188
16396
9856
1112
15424
9654
11443
15961
4310
1918
5611
11984
16115
11328
147
13878
1247
2545
426
8125
15794
5596
14218
13571
14206
4993
2099
11219
11239
8762
4772
2481
6176
4045
9597
5612
16856
663
14084
16023
17353
13809
14723
1899
14371
3588
6928
16709
11546
12488
10334
3767
5363
17232
13044
3584
13193
9759
911
404
9950
3338
10415
8954
13705
16553
7973
9735
1139
4226
2606
5902
370
4426
5654
11643
9303
5623
11296
3557
16547
2629
5014
939
782
13179
14121
4278
4744
7175
460
7584
4869
5137
10130
10224
10003
2753
17172
14164
10779
2722
13240
12843
17067
9702
7847
15419
2821
5385
15930
14226
2212
12730
7663
15717
16666
12513
13775
16594
9902
9126
16148
599
9152
8710
8184
14238
7358
16022
1181
4651
6361
13941
15113
10090
14119
16127
15706
4388
4542
9703
728
13060
6049
4939
5866
8577
17667
13839
9216
6635
16716
14742
14179
705
9389
14585
3057
6631
11016
2705
7539
9808
15574
14347
6643
15230
6513
5403
8512
7031
7577
3904
7991
14807
7907
11611
12658
8202
5345
1811
696
4495
222
3274
7159
13031
15189
9862
15256
5545
11875
2856
13989
1767
5647
17328
16968
60
4756
10534
4496
2754
8226
4743
4244
15231
11638
16993
4159
11535
2203
15967
9399
12576
10542
840
17061
10348
8072
9263
15481
1515
15997
12178
14935
3379
12282
2241
6740
9443
14180
6028
2807
2502
14679
1021
17197
5988
6729
15715
3799
8911
2771
11416
8775
8636
11264
16337
8033
9851
15696
16496
15490
1787
11465
11153
16603
4203
4395
10626
9826
6473
6308
12868
1125
14782
5949
5865
7489
5161
7532
15559
13389
16920
7924
12455
17086
15290
16787
13687
597
10848
539
6655
1721
2010
10044
12889
7686
4825
15549
4366
6959
6349
12031
2585
10532
2428
15062
5269
5990
11593
7527
6275
14038
2581
4917
4577
15267
6931
7819
8769
17286
3016
3727
8759
16428
8162
1278
7247
3570
4083
16075
11657
3808
4183
2349
15955
2479
12199
15345
3835
8140
6730
16783
8651
6456
168
17549
8332
4053
10638
13741
2242
5649
10820
1887
6235
8223
9998
5609
14178
13053
13437
13836
2564
322
5976
6243
958
586
15254
13923
15079
11671
13166
15531
9686
6188
17793
3663
5858
15403
17495
13328
7369
15807
16093
9631
6817
3215
919
13956
13999
17742
3890
14984
15766
6872
7487
16557
200
2312
13140
1364
15755
5476
2449
13615
9766
9842
7842
10724
8073
10145
11427
17133
6892
7616
5237
16936
15658
7694
4150
16961
10802
13263
76
2569
3854
7956
2018
9938
13486
6076
280
11919
5222
20
8136
10681
5845
10660
5850
15910
10739
4754
9345
7292
7846
12206
13230
7679
3735
8878
7469
4872
14976
14850
2679
14793
6891
10016
17538
15650
14412
13960
7053
12698
15911
4957
12087
1748
15625
7252
5871
15123
10880
13984
4346
13913
5144
7348
8978
16172
1234
9828
15507
6941
7466
2025
8495
2737
151
3019
963
14281
7930
864
9698
14996
14307
10135
17558
821
17118
80
4420
4666
2089
4205
2005
6396
6094
7641
469
7112
11713
5853
2533
7736
15564
721
13199
9726
2395
28
3666
12982
4468
8686
8779
13464
5487
11299
8045
9157
16948
11903
7981
11119
10798
16622
14865
5748
5552
4487
17313
10804
5551
10266
12332
7363
1885
1875
3950
14192
16139
1550
753
5392
10745
16136
14134
1752
16001
12312
4148
2865
3302
9573
2642
9567
5912
1536
2461
1991
3488
8625
17243
612
16725
10385
13312
1384
13429
13640
265
4023
8218
6279
12248
15115
7750
12748
3261
16967
6915
5507
12673
7888
767
10730
453
2143
7440
15978
9857
3021
17188
14558
6611
16432
9781
5455
6577
17104
9640
12813
13934
12908
883
10427
7791
8635
3954
10369
14988
3472
16614
4419
4272
10310
5408
8313
125
10381
5477
8514
2815
15466
819
17650
17642
13431
1165
4059
1803
7939
4840
12214
10245
10601
9719
8915
3463
15579
12374
9286
15878
5375
8409
12501
11864
12090
13479
16578
5196
10055
12009
13265
6215
10432
8998
13003
10050
12957
9131
2389
16384
14598
4583
3858
13807
12687
6721
6008
11988
10319
12529
7114
225
5899
16186
452
10095
3933
8857
16005
7302
4527
10051
11380
12284
13152
16943
2488
16102
13628
9552
5889
1445
10029
7741
14120
6761
16196
15358
5058
3176
8446
10360
15912
10142
17601
6933
8873
14445
4145
7028
5266
16395
8138
2216
8232
5087
339
15222
7076
13344
15875
5017
756
9472
8720
7968
10449
6537
563
6801
13598
1217
1483
3185
403
1085
15444
12107
7972
9877
10494
13709
871
2061
13023
2520
4100
9562
13783
1635
10520
16996
13131
8903
4537
1299
1467
15421
4507
6381
1282
8300
17346
17064
8756
16275
6862
14901
14028
4384
7659
8293
14267
9555
3541
13987
4613
4081
637
11271
5823
10383
8602
7947
3487
296
6285
15643
212
4294
1083
12731
16120
3658
5423
3036
9758
7804
8219
12386
13034
16442
7051
3442
9270
16193
15025
5231
6969
16571
2778
2423
12732
11421
4466
11081
5774
15173
12802
13311
6914
13448
9882
4977
17032
14241
15689
4277
8718
2407
17545
5061
16656
14545
2230
3646
14993
17215
16320
4158
3163
2625
5441
14523
7681
7801
16327
15370
12853
2169
730
1703
7886
13629
12382
4335
11943
7932
9789
12695
17294
8967
6784
14346
4572
14907
7934
9924
12820
12213
12824
14587
17114
15467
15098
11428
16457
15668
12945
11758
11869
14843
11589
9576
17792
48
14947
8544
15927
12665
12182
9064
560
4254
8919
2867
7280
7948
8432
4178
7176
6861
15305
2340
3017
13096
1446
16721
2286
17001
11204
15847
2931
4731
5917
621
7910
16739
4154
14842
6997
3025
1733
1345
1163
1020
10309
5837
275
8523
17163
16791
6032
11241
11537
2959
13568
2770
3474
15392
6354
33
86
754
4709
12546
11255
5007
6669
2118
6708
14405
7799
15823
7449
14718
17496
14713
11180
351
8485
6007
9193
10845
6757
17368
12677
9257
9933
587
15693
12635
15722
12111
9351
5121
5501
12965
8027
17398
2191
3756
4124
1425
5230
3404
11155
2917
7719
1312
5577
17417
16743
7952
10030
3305
10733
5808
12601
17106
9786
4805
7778
8570
6773
4172
14581
16897
7793
14251
14804
895
8270
13770
13190
13641
16865
8905
17237
343
8030
17277
7648
5515
11497
10647
14868
6325
14997
12596
4859
15346
10916
2334
15932
8807
9469
4013
5975
9393
1939
5926
11986
5113
4518
17733
14576
16822
6138
14656
10186
7672
14187
8429
9009
15973
15107
1094
9162
7941
16942
13046
14951
13861
12069
1969
5383
545
3440
16989
8222
15162
13047
10120
8442
3981
396
567
2103
17726
16037
10352
4333
17544
6090
17722
17702
811
14319
9340
8643
9411
3499
9947
14131
3282
13293
15540
13423
15371
16714
9627
12473
14759
1041
3912
12776
844
17625
10299
4837
13724
601
6075
12685
6742
13853
17684
2783
16370
14008
12449
175
7664
3581
7192
6444
9664
17750
2262
9553
3157
8897
15213
3744
3000
12975
14531
10554
9709
6987
10549
4318
6677
10231
3339
12876
3526
12236
1848
14361
8657
11419
3832
13811
11470
10760
5204
16054
11548
12890
4012
10433
6450
4941
329
7352
6570
10331
11144
13947
1156
389
11408
502
15126
7303
9514
3955
14406
822
8026
15705
14603
3898
12663
3640
14081
8684
1949
17752
12271
4717
16904
11023
11321
12053
16116
3099
4096
13272
9892
11251
7235
6930
17489
7718
3525
3315
2309
14290
6200
4727
8819
6110
7013
9821
1400
10006
53
17303
12717
14391
3355
14417
12527
12834
7371
9934
4349
8972
2976
10000
16771
1936
12163
9096
3916
1604
5352
13099
2109
16042
10553
12020
7017
1496
12301
8176
14917
12504
7081
6316
10604
8294
3011
1914
6990
14653
13348
10563
11755
8607
2605
978
869
10358
15825
2379
10039
7922
1772
3845
4997
3342
17510
14457
8737
11136
2305
11846
11673
15692
17072
11288
9186
2741
13178
14926
3028
3731
16874
8969
6962
4328
2401
5036
5431
17422
17584
14812
13977
4685
13181
11885
15833
9844
8927
7482
10275
11323
3630
12344
3243
17234
2891
14800
5217
11184
5525
11787
1309
16623
8640
10530
2400
16634
7898
9693
16658
4241
10769
5708
7403
2283
4532
11529
6675
15711
15411
15745
4119
15084
11338
553
9918
5644
14096
9031
15513
9894
8435
16653
3464
2513
14666
7982
6983
13944
5154
4424
7513
16662
9667
16673
9525
2677
9505
9494
4186
2322
16965
7395
8566
5268
9674
14153
9218
2325
10329
52
5776
11595
14512
9978
8265
10974
14139
3132
11781
5524
5615
5886
418
1728
10316
3994
15636
16068
664
9868
9771
1043
3225
15710
13153
13761
7716
1769
14196
14636
8325
12650
2302
5849
386
775
3561
5734
17059
174
14894
13512
3504
2153
14704
14989
9118
5719
1789
13586
15181
5796
2612
9850
15182
15052
3090
17036
12960
3492
3399
5641
5376
5539
1922
1560
3159
9470
10691
451
6426
17552
4832
7009
7319
5764
1904
7862
650
4421
10035
10999
17427
12351
10354
14487
16720
6511
17701
3517
12309
14644
11901
15871
8012
9413
829
5218
16760
16070
1228
14682
9609
9987
14928
6397
11479
9734
4605
13370
8034
12144
12394
13985
5329
16255
10529
1336
13757
5116
4411
5901
13607
17785
16582
5986
5360
11702
1726
9294
1475
8253
1480
13291
7243
12729
12250
15838
17779
1219
7909
10818
14943
3008
13278
14600
16096
1972
3786
6365
5663
2013
14802
7977
16512
7960
9827
17203
7733
7020
9524
8443
13411
13121
5779
16465
3518
12927
50
616
6249
10152
9646
14372
9189
14029
16660
3443
15390
5630
5467
13633
10286
9841
4298
7163
2134
14040
3531
4560
10942
2620
5881
1708
16839
16000
4858
4540
17441
8506
1188
3508
4084
5314
6792
14961
7596
4875
9227
8109
14147
3848
13394
3081
5640
4769
150
14222
12691
11377
6015
7404
9077
13349
10514
11821
17428
1289
1415
11096
9944
6168
12188
14011
14509
10946
10365
6725
5306
4098
6216
6341
17263
4452
1545
1076
13080
6656
15743
9733
8916
3075
17709
8447
16682
17414
5370
13799
7434
10574
1114
5005
10376
5861
7165
9358
7859
14549
14750
3346
5449
6467
6029
5498
694
8856
3511
16289
7892
1832
1663
16661
2516
15468
710
3458
3193
14627
14684
14331
17047
3579
5536
8679
16842
4922
2894
262
6084
15475
15451
5652
17212
3635
6010
4548
1337
13469
2517
6083
9885
2553
3343
2300
8866
16250
10001
1574
13270
8988
1554
8572
9546
3426
2922
11440
14616
17796
11302
16140
8765
6063
13226
17708
8755
12692
8428
5892
7035
13726
1898
5273
8054
15168
10327
1557
673
6129
5797
13771
16695
2600
316
14805
16522
7656
6299
1670
16038
16712
8006
9460
1524
14875
6392
13922
7262
5446
5288
4076
4720
15713
15502
7270
10997
3798
10077
4501
2714
13565
7553
4089
17312
11401
149
1218
17068
5908
15018
12430
16138
8114
4363
13305
11434
1596
1284
9909
14413
1921
14181
10631
16133
11280
10673
1854
10407
11748
3427
400
352
11795
3814
309
17432
12586
609
4323
3310
17008
5046
3494
8244
14853
10856
8306
7184
11437
2114
17256
2145
3294
16866
4165
14835
14953
9680
6543
16344
1857
17473
5707
13594
6219
7484
16790
11129
967
4380
14286
6394
7394
3088
14982
16450
10228
17214
16805
14225
9266
3571
2755
5399
2091
12904
13530
1157
318
8011
8683
16867
12643
3111
1016
2206
11770
9439
6489
15915
7064
10425
5613
5291
10699
10924
5448
6813
6768
917
15293
3657
1764
3732
820
2623
12737
1187
5952
13643
16538
15458
16925
13823
10566
3300
5198
5421
2551
10436
12614
9208
14527
15849
3639
7285
7803
15933
2453
10944
14055
14400
13036
13208
14477
6192
5955
6526
3718
4489
9061
17324
1507
14262
12025
6191
9180
3615
16491
2159
8507
13030
7635
14287
12573
17706
5885
15892
2352
13266
4746
170
232
4090
8460
9053
1073
3191
3742
12924
12694
2198
7588
13597
4455
5553
11884
9318
81
10771
3406
5565
13337
10545
8067
5429
4748
6205
16873
13177
3154
6974
13319
7992
16672
285
7234
5660
16846
6544
12426
12006
8554
9228
15584
1106
4352
7608
12705
7374
3340
4126
15501
3331
8482
11565
16122
7075
3652
1984
12039
90
7153
8023
3659
7284
6683
5775
13419
8760
10226
11710
15412
12794
10538
8589
12976
12759
530
15800
12845
13614
11378
5585
12633
9425
9108
9056
9225
1861
4844
15009
16461
13622
6587
4784
4056
1734
2275
3256
13227
8966
2126
15957
9360
13966
7381
9765
1709
10194
14423
6789
13858
417
7402
10805
11600
6433
17394
17148
16407
5175
742
2356
17669
8552
139
13313
13442
17110
16097
8528
9376
2674
2228
4991
12381
15066
15491
13492
9629
17784
7773
12476
13656
3165
14515
1301
2218
8148
15224
5284
209
5090
4742
4276
9253
16015
13743
9281
14992
16554
16159
7115
8408
6089
234
15628
9737
6156
2926
12767
9453
15663
12888
838
1158
678
5680
9668
13287
9221
1439
8104
7538
154
11069
6400
10410
17797
15001
2802
16297
13052
2790
7896
16527
6374
14091
11796
16931
7459
7823
3915
5013
4806
8532
9037
7872
14766
14176
3707
13780
7936
427
305
13361
7550
6162
3097
12966
7478
13756
2161
6198
7238
8944
2367
7314
17623
5065
7099
5004
1519
6662
2611
13921
17018
15989
17157
12660
974
2070
10195
12871
5500
12766
17605
2758
233
15786
2934
7845
2184
5807
9816
5045
10644
5228
7959
2048
695
7209
4275
4347
4801
14467
6380
5733
16563
1322
11319
16751
5165
17090
357
12554
7680
17741
15161
6431
3773
10102
13488
12331
15196
9563
8608
16572
3114
1417
17113
2460
8872
9145
8833
15425
8980
11315
11324
17023
4223
15330
12459
12168
9859
12718
8624
7088
6184
6416
10339
11730
11953
16488
16341
5379
7370
13534
14589
15617
16107
7475
4259
5192
11958
570
4622
12261
11959
8324
15226
12028
14491
4956
17580
14065
15337
14168
5793
12124
15431
15976
17480
16633
8486
5263
69
6636
9069
7744
3712
6167
14274
8745
2693
14256
4897
12294
4877
10389
13149
6173
2028
5956
6282
8581
11192
9112
6848
15220
14744
4783
667
16152
2306
7426
12771
6103
683
1720
2160
14788
9995
6676
14013
13085
5178
6608
15685
11721
15870
4174
6850
8457
14729
16837
6759
3544
7601
1019
7606
1806
17038
16228
11853
740
1005
10307
12980
7506
9361
2244
2358
422
5738
15709
17551
12202
2948
6114
8201
9803
11414
5193
1281
14965
16775
6774
9034
13957
9183
6528
4987
1098
3743
14637
5265
13451
2524
2016
16315
15482
16251
10139
12233
4052
7448
10008
12422
4206
16351
639
6828
14424
6178
17315
8379
16636
2394
8150
16368
8549
5562
9268
14123
6884
9929
3682
114
10159
4686
8560
7824
1197
3629
16381
3351
12096
7316
3503
15670
13685
6345
11004
1730
14133
4617
6300
15153
14320
6637
16302
10589
614
10025
9483
71
15024
4382
10387
11563
10894
115
13012
7496
10876
10521
11912
14469
9499
7392
666
4019
15760
116
13123
10431
17594
10019
7208
13971
11058
11133
15971
11209
10893
7627
5903
14556
15770
1102
1495
15105
15088
15511
17472
256
2381
8203
12113
12858
2730
13527
7763
13331
14873
11175
2178
8914
2803
11707
12445
11892
10650
16184
17674
4948
5690
4427
11298
13095
508
6846
6764
16632
4640
7545
5096
17692
9142
5409
2626
810
15238
16305
9174
6039
13706
8436
7742
3572
1494
6309
703
6613
6853
8130
6224
8193
1292
6579
16369
13662
12372
8074
6297
10711
3051
15561
14087
14086
2383
16178
7620
1676
517
15420
14590
12027
16979
15122
6977
410
11739
17761
16451
10907
17330
9715
10577
10925
11991
344
16565
1316
17009
10086
15136
14376
4003
9138
299
9074
16619
11675
5906
8483
1800
10858
16322
2426
13881
7544
6377
14414
5355
17588
14067
17450
15698
2849
10487
11775
6747
16764
3314
3859
13722
6515
8534
6688
14415
15768
9269
8225
12079
9633
1693
11050
3187
4544
7041
6045
14657
9202
11087
17523
3116
6355
9752
10792
16402
1993
8015
15676
6147
1580
9983
7963
9495
874
3782
9945
11946
8438
5920
7597
11629
6228
14497
8899
12588
6720
17271
6851
9974
15982
10273
1707
374
10850
1831
10778
2561
5992
11908
14920
12399
2795
3415
13752
11628
4509
11928
3070
16871
2003
985
1891
17438
11350
15059
2715
10788
8246
5419
737
8170
9163
3598
3648
3972
7978
1866
3977
14698
13159
8175
1890
3120
10422
10153
8750
13682
12575
1168
3797
8859
1203
6109
1896
5095
3366
4106
6705
10260
5182
2871
7353
4429
7182
5246
16815
6649
2405
1745
9863
8077
9796
13273
11292
1039
3138
7696
13684
17206
9488
13027
9302
7944
16066
1603
1947
14239
4589
13579
11194
15233
7241
16985
10614
9606
2226
1871
4198
4551
6509
15587
11168
7018
9716
6391
15864
7246
5257
11612
9311
11602
1399
13430
8267
5450
3212
1805
9831
2876
2090
6700
4401
7229
7787
16981
17603
14249
16059
7639
8789
17497
9343
9897
16304
10509
12827
4600
15223
10665
13689
9527
11173
8696
12558
3378
14093
4476
6423
9694
7024
17298
6373
235
14455
6415
13001
2701
17418
2040
11126
10948
17002
7665
11556
9661
14919
5272
1680
12395
13264
13223
8298
14767
14392
10137
15737
9849
1476
13028
14731
7611
17334
3958
15939
8289
3672
14493
14301
8283
2227
3347
4067
15021
2528
5367
8405
11065
16707
1171
8194
3276
4212
6527
14737
11882
4789
338
14530
15353
7046
14045
12726
12108
3820
6196
14149
11245
1231
16378
15204
1
13786
7699
10533
11951
13298
8401
12898
16213
5114
11625
12329
1465
16689
2214
14258
3127
1982
11357
10713
7012
6671
17392
5781
9648
14559
4263
11705
7958
14390
11320
1437
14784
1159
8494
2536
9811
15342
13381
4408
8295
12049
5600
3873
1245
10477
14725
8543
11613
14299
10136
12654
13051
10126
6553
2471
660
12413
17228
2877
15175
12610
10531
1298
7095
1382
2297
15321
7304
12745
13773
14803
7533
16706
6645
13782
13186
2360
15015
16945
14833
15344
8085
8342
5832
14207
8746
2698
3554
13704
14838
13694
16845
13111
10290
14349
5338
11769
146
12551
16587
13132
12384
12993
2068
7649
5484
15882
9845
16355
14786
2909
4315
10318
2657
8546
5464
14049
17693
12259
17487
11740
8402
14484
10208
8981
17557
12086
4464
10748
16179
1089
16229
11716
8339
4434
15418
11322
3932
2908
9542
10701
3066
1684
6455
16052
17719
16932
14080
7227
17254
2276
16421
245
10480
6695
7407
7066
7058
14629
16894
14925
2213
10704
12915
6462
7244
1780
11211
15140
15176
4236
4629
9005
16112
10092
8976
13610
1176
7048
10313
5932
2004
3304
11463
13090
16766
14915
1028
15251
7207
12142
7416
8697
5934
1901
1149
13098
5679
2318
8172
11083
11564
8721
10683
7026
9482
17262
11088
16518
8285
2940
13068
983
14003
15671
15666
14227
16153
14740
5372
1771
5227
4015
13493
16103
4526
11052
14177
291
6183
12295
13553
6445
8771
11305
4250
7203
7255
15165
8186
5054
345
13717
10434
17308
9422
13371
4218
4524
9911
6831
7889
3267
15192
1966
11500
7143
2256
10223
836
4362
9486
3715
7350
13819
15598
14293
6229
1155
17648
4624
8935
14591
9866
2968
16797
7237
13708
15183
10068
8850
13531
4216
8586
9825
8596
11578
858
5163
204
8579
7971
8901
7094
10583
2573
8921
477
3628
13601
6529
8063
11632
794
3169
1276
6651
8262
5625
4944
4725
4491
1905
12311
16303
9406
9556
13343
777
8065
3520
1117
16890
13461
2951
13074
13104
10052
9806
16448
9319
5430
13441
14199
307
2563
14583
877
2427
13663
7785
14106
11411
624
1551
5929
13330
10636
12218
13686
2271
11944
11930
12029
5480
1882
478
4448
7725
3546
6395
15843
12133
3595
17774
16348
14236
5694
6648
14375
1660
7473
11974
17333
4780
16271
16946
11722
11861
927
15067
14673
14112
6871
10031
16915
17638
8653
5509
9095
1980
3825
1215
6260
3432
13681
9566
5316
11226
1511
6678
675
11854
686
3928
16247
5591
9602
7695
37
16455
10731
5174
3997
17107
7423
16400
4046
12204
2102
1167
15022
1611
13928
14638
8375
1521
6027
8020
2087
7660
15852
7021
2690
6403
3043
406
6302
1935
1031
9407
17689
5826
15128
11516
2489
12662
124
4221
14035
8869
8329
6965
3149
7015
5145
5357
7525
15341
13912
13255
13460
4667
5241
2468
17268
13561
12559
10929
13456
7715
5757
312
5326
10059
10655
4736
17014
5927
17331
14427
12138
12866
4499
14645
14612
10869
17512
7085
12942
2938
5035
16737
17570
12320
3207
2177
11969
9671
14380
16210
16584
9419
9143
2632
11283
12681
11858
16670
9579
8843
4060
11495
11599
16375
9025
4575
8801
3125
2108
17070
15374
8950
7276
1362
8619
5497
11922
7117
7765
12347
14623
12167
17425
14874
17509
3450
15405
5026
6812
12355
4227
11934
2590
14840
15485
5910
6493
13646
7530
4710
8132
3053
12950
3690
798
13242
12489
2067
12103
11394
16833
11557
17307
17661
11138
5189
16768
6410
13711
3439
7397
5558
17337
6991
8263
14892
10325
16157
989
5505
6728
13366
6262
10712
1600
15557
8440
217
15602
8391
8249
6599
9621
4695
14021
7507
11948
4890
6077
11914
15152
4687
7083
12592
10753
10637
4360
17677
15347
10511
16868
1619
631
5750
3831
8165
16183
7798
16535
303
6839
4262
7739
9491
13471
8036
79
11139
5868
7876
1027
11709
8480
11763
11018
15789
12187
11916
12752
4185
13813
15430
1201
3573
14719
2672
10119
8777
11185
8941
11063
9437
14407
2946
2763
17074
4230
11656
16975
11992
3087
9418
13573
17433
1958
17412
4138
11662
4648
10214
4367
385
17567
7433
15141
7256
13951
17611
1339
13697
4061
306
9948
839
1054
15156
6436
12288
13378
5047
12958
6620
17305
13452
2885
7875
14824
1294
6087
3498
15193
14025
1454
11000
12232
9459
2893
4322
12605
16800
6663
6177
462
741
9066
16543
8709
6924
9981
9181
17220
5374
12894
13494
12720
3390
8848
6031
16992
12670
1855
4070
9428
7950
6323
8792
8971
1072
14844
4641
3018
6536
2732
8889
5814
5016
8558
1853
4444
1592
6535
1119
7511
2346
5028
5578
14969
15160
10697
7134
4398
16339
16264
11833
10518
8896
5633
13766
17539
14339
770
6994
15730
17635
9011
17003
7424
10871
2348
11973
3833
1689
5715
16980
6534
2970
10166
3003
13948
669
15503
1834
17179
16813
15517
17347
5549
9433
2200
2452
7169
14126
15669
2614
2843
5916
30
8341
1953
10453
13212
7271
11760
2097
10645
2474
12157
15595
11015
4004
11684
4477
3624
15729
6180
16944
5747
11309
971
5377
8645
528
1260
17042
16078
4660
11996
6646
5170
9650
8303
7096
14165
8296
8813
6267
11445
11829
13672
5855
916
16060
825
11097
6659
7995
12081
7567
13056
13209
13843
17358
16268
11508
9747
4759
13794
5078
8910
3846
11883
11645
15308
15091
8766
10705
6346
4621
6566
16495
2570
3722
14635
12304
10515
3613
3668
8498
11291
11791
15945
3829
5632
9545
9350
12763
15114
10744
724
5129
4246
5099
14517
9802
10633
7998
515
16610
10243
11809
15712
13439
7038
3974
1391
10088
9632
4149
635
8600
10485
16085
2035
5053
4222
17731
4394
13301
446
11766
268
14728
17502
8564
4289
4320
8087
4064
16806
8187
953
9534
142
13142
7181
12703
2149
8764
4994
17460
5201
4502
1989
11681
3983
8793
11151
17173
13675
449
7057
15597
12055
2660
4364
4873
13252
6996
6925
13840
3423
15306
17000
7305
16074
14762
3253
7815
12179
10264
15922
8673
14625
17534
12836
17063
12480
8794
5212
8810
14220
7211
4952
7795
8210
9669
4821
17196
15243
11325
2384
12231
6293
602
9231
9776
14410
14193
7666
7406
5761
15694
3466
6518
11372
5900
3830
11955
8681
3477
12821
15821
8090
3777
15924
2699
3270
7734
11567
7485
15728
6531
14019
11768
2224
14779
698
4531
8526
15465
2518
9209
11166
2483
14210
11924
15232
15205
16536
9727
6234
10806
13516
4646
14370
1151
10513
9814
6670
2958
180
3513
10412
6218
6194
229
3841
2508
14257
12507
12686
10428
784
8367
14941
630
16955
3951
5073
16570
13476
15527
6449
6642
786
12391
2496
5151
2313
2416
13887
17129
9815
6854
5973
12365
17028
9347
8154
12409
9713
481
7877
2085
1314
1509
10492
13137
12431
8674
1473
15839
4112
14671
10716
15926
16359
3106
942
8238
4392
3151
5869
16072
4195
9962
11685
11555
183
10980
9969
2069
10165
1186
9490
5199
4682
15648
13507
12323
3654
7500
14277
2315
15751
5110
15023
8424
54
5716
5313
5044
10024
16036
3023
15848
17033
5637
15981
12524
14481
15299
3887
4136
6359
4970
7330
12659
1241
3113
9927
4268
4460
4506
8938
17125
2646
13275
24
8327
16479
5994
7010
3229
551
5974
1338
14861
9045
16262
17120
6615
7937
15841
12613
6464
14552
11947
11700
13698
8070
10
4204
4373
8189
12363
12949
10178
11252
748
11304
15221
2447
561
8818
6404
10846
12620
9685
10602
4025
5607
6013
3530
7954
7712
9010
8047
5458
13690
9199
15336
16870
9396
6578
17658
16858
8255
15758
638
16199
9588
5076
9590
4680
11484
3897
17517
2289
6621
5519
12316
15801
9200
5531
15826
15037
1711
13788
3179
11772
5387
4336
8504
5435
7839
11366
5556
12194
17130
6406
14932
13832
8822
10474
3042
8797
12985
6989
17444
6079
7149
11631
16024
3014
15885
2144
15159
8924
3445
2965
16098
85
10922
4656
5759
11712
622
6607
14489
9690
17577
6054
1911
13850
3973
11652
9106
15677
13224
15810
1118
4627
14999
3303
12561
17531
9177
6519
13851
6352
6160
10569
13764
9970
1556
13
12078
17790
8951
17050
1097
13250
3542
14707
15500
3907
9001
14955
8547
9093
9078
14039
13390
952
17654
3177
11336
14234
2388
11459
13558
4808
1450
11954
1859
14724
13243
4220
4857
4331
6512
3054
764
7233
17462
14825
5120
2185
15620
6289
17332
13126
13875
16719
14929
16106
3882
3271
2100
15938
9127
2366
14661
10966
5635
5954
15132
6179
818
9721
12819
14743
2189
15799
12798
7566
8100
15447
1115
3939
15393
3641
12238
16857
1727
3894
2986
9248
2950
4130
3150
11509
17535
14060
12267
6259
1717
16881
5961
17578
10839
16802
12143
4896
1924
593
12146
17691
11734
14775
2463
1761
4006
1865
8116
1716
1847
14747
4786
6153
16318
17666
3843
15543
12570
2053
3197
7049
3524
1715
9479
13281
17142
15201
3203
10357
14845
5341
736
1045
9203
8353
17511
4332
3947
13877
6328
14170
13198
11228
13481
3634
6616
3687
8380
803
6485
12932
9780
566
16397
2816
13010
5595
17685
8626
10547
7121
7580
12631
16227
12200
15483
17619
13779
9219
2351
1549
8502
14528
6516
9080
5692
709
17746
7592
9229
9912
1575
14269
12436
15180
8829
1928
3483
2039
16966
348
14866
4062
2123
1739
5983
14095
9003
15552
2913
11213
1182
13871
16552
4409
15802
15378
9089
720
1273
16896
4472
12116
8912
7109
12920
9223
1925
15644
12538
9500
16711
2566
10279
10882
10206
12291
5060
5563
1844
2572
8307
3454
3069
12026
8168
9387
1183
5406
239
15723
5422
14237
11664
17165
436
11120
301
3929
12439
17362
5543
11354
1646
2380
4785
7692
7191
10098
16248
9867
16224
7443
13225
6837
7632
9923
9397
7201
14712
16807
3982
17652
7373
16573
11838
8025
14676
12638
15316
640
6347
11718
5349
10851
14913
8717
10821
461
4416
13632
11544
371
2942
1652
14537
13321
13526
1460
9989
5653
14811
3713
1474
711
15586
14593
12641
7624
7779
2223
6603
10080
9392
16240
1867
13332
7891
3067
7042
10176
16414
5731
1624
3496
16126
11637
9060
9107
951
514
8876
16277
17226
7792
16722
16215
3192
7723
15227
15686
12671
13326
3175
5570
14689
6552
15791
6231
9940
1002
2247
1179
6971
9175
2320
17439
11804
14830
4288
4737
2117
6835
5171
6230
6490
2063
1651
12032
15049
3424
13910
3210
968
3401
707
10866
2264
2991
9614
70
13294
8642
565
2284
10800
3199
1190
17082
13634
3292
17147
6041
10177
12875
6111
993
13154
2925
13870
6292
5836
16567
10872
17295
342
7880
987
11732
10263
2139
10499
3940
4814
5753
4282
7414
3455
10028
6101
768
7232
15142
12700
7931
10046
9670
4920
3850
13408
6982
8974
14769
17505
3333
2443
16738
12237
6943
16987
6146
4072
10450
11362
11553
2654
8963
15991
6471
7647
4697
7168
4971
13475
2274
5659
10384
4774
8041
7288
16976
12112
2822
5489
513
13882
3434
12571
8861
10418
11371
1970
10635
4009
6739
2164
8080
15867
12043
7060
4404
12141
6825
10920
8357
17158
12707
7162
16387
13529
7745
13715
15888
12861
13490
1590
3102
1538
1010
17613
4405
2542
14518
3038
5122
6208
8476
2782
15984
13617
4740
13888
3273
17381
377
9980
6393
6151
1819
13421
9179
10508
7345
7043
8675
1404
11499
241
14010
16893
16592
13007
13981
11256
14359
4014
2478
4519
16472
14847
3993
8730
10215
3391
14554
16510
3537
2992
3815
10772
9913
5243
7983
16311
9559
8019
4505
9568
8541
7398
17530
1801
12547
4413
1274
11070
14425
16983
10190
12800
2475
10043
16991
4302
1110
3746
8805
12338
2723
577
16162
16884
1461
9956
15757
3260
11368
6938
835
10628
6618
13124
16749
10843
2438
16901
13898
9615
11137
11402
17476
10643
15533
3190
10544
8770
5765
7593
3852
5839
13508
8349
2303
13157
17282
9518
11417
15594
4177
1784
15830
12619
13636
1675
8484
372
7139
17771
15058
2473
15266
7118
5278
9197
8419
10283
503
2665
4514
9260
9332
9063
3891
13940
11266
16220
1843
13645
8633
1643
11312
10199
1138
11970
5650
17508
1135
15131
14124
1330
7000
10105
9655
13903
1621
12091
16585
9378
8796
11818
16795
1613
5210
16
274
5088
4191
7259
15546
4522
2525
11036
9035
16189
2560
6919
10507
16910
7092
8780
11720
7077
2156
2912
11476
4576
14452
1541
12269
9153
12816
15280
17021
3502
1823
5614
6952
823
14834
12068
16123
16226
13826
12149
9079
8200
2588
3148
17017
15493
440
14310
11759
4354
16338
9840
496
15591
15682
11661
10827
12753
6317
7221
1223
6612
17377
1034
8705
524
699
2711
15363
3803
15614
10587
11345
15171
7706
9205
17174
8297
8820
6106
2101
4151
16080
11355
3884
17631
16900
6257
6685
6190
7867
10822
10131
5380
1000
1244
9743
5226
3221
8989
4339
15805
3316
548
12176
6709
7089
16849
4465
11950
3593
10625
2252
8525
15612
1423
1397
16104
8575
4103
5425
11640
13070
15289
9044
12916
5875
10510
3959
4950
6417
16377
5081
17386
8417
14075
1304
13239
14705
3306
2392
7267
1785
1441
14378
16190
6934
3879
6558
4866
10219
1539
4602
1335
4121
11701
13670
6484
9148
1659
12221
14921
13765
14200
5180
11207
879
12522
14242
6240
6225
3073
13251
13410
12300
1169
10651
5003
12075
16044
11326
11688
2505
11258
12246
5762
16648
9431
3241
11667
4719
1950
1150
17171
7356
17769
8931
6945
2055
1735
10213
1344
4556
13825
15834
1879
16847
4097
2470
15452
6482
5510
10083
9608
6412
12632
17621
3823
7300
2963
4598
8930
13624
16820
7817
6521
1101
14062
780
16732
1825
7918
17079
4002
16908
13345
9657
10835
8121
13918
308
12648
11672
1011
11009
87
1051
12580
6338
7468
14057
5985
8390
2077
17783
15733
7987
15191
16412
3495
16918
4982
604
3788
10776
6157
17364
1378
578
9051
16419
4270
1751
8347
5924
5514
1756
6413
11512
17574
16848
16903
9264
475
6454
16972
14252
6549
6303
159
8055
9049
17186
12964
13805
7807
15039
13392
8057
16191
9182
12823
17092
3753
9625
15795
15003
915
4161
6927
355
9589
778
3465
15442
8515
4134
15443
834
3597
1500
17275
10550
14578
1129
7871
13079
15268
11382
15573
15601
7863
2735
361
13814
17543
16452
2639
12266
10141
17105
184
6830
5969
6116
13718
1379
4443
8751
1221
12477
1988
10191
10694
9836
437
3409
10040
5844
9403
6088
13727
15866
7622
4728
5584
13369
9966
7106
14311
9166
8630
1145
15214
5677
5678
13800
7755
17076
860
9372
17672
12270
16861
648
2836
13509
1973
206
582
6823
8001
10133
10267
2933
8069
10134
6070
3606
2152
8013
4675
10315
9023
8455
6264
10982
4267
14082
2704
9607
12065
10634
12530
6313
8840
13524
7837
6713
5698
6942
15053
2448
4545
4955
7079
5037
4574
17683
13630
4379
16403
5359
6091
5262
1573
1863
2870
16167
1347
10976
4439
793
102
8849
6704
9267
649
3512
1917
16663
12127
15071
3202
14017
15297
17641
6189
17727
7315
8334
4355
1410
670
6781
13176
4827
13244
11800
11084
9701
7340
10842
7082
5665
12655
12139
5334
14734
8617
3532
3930
4224
14109
12264
14348
9298
3250
10010
1996
2469
16030
6964
9729
12230
5977
5126
10049
16960
10022
14228
16502
852
7957
253
3451
15609
8002
9854
12404
11905
1849
15558
17729
158
12286
12814
2173
15404
16635
8776
5981
906
14946
2277
6866
5893
11012
4467
15873
17617
4274
11907
12475
6385
489
8578
10565
5888
5550
4063
14860
9448
2037
15846
15572
1252
1269
1553
9191
9487
2049
17712
5169
10287
6301
2850
16646
13936
8885
2235
7091
2944
5699
12185
11100
6154
6572
5416
3447
665
10855
2937
10479
14172
1948
17645
16683
9206
16197
4265
4266
7906
8095
13750
4579
3456
5236
564
4865
10546
4286
6112
4164
4456
13302
4966
2975
16895
4874
6239
8646
269
1348
1842
5686
2898
2882
1559
2436
12423
5894
16361
4539
7391
15460
1926
13762
12088
11028
16593
12989
12768
2363
7609
12646
15089
11132
266
15073
16260
2342
14068
3632
13581
12038
3104
13827
15450
9313
3696
14215
15457
10613
980
14460
3287
15054
7268
7140
5276
12953
5023
17360
11048
16679
8824
13680
2008
4407
6140
7242
15271
16759
549
4836
17096
2503
4340
14500
1032
2857
16605
16321
4167
16862
10065
17251
10765
3500
6980
7874
8531
9745
783
1658
15441
3077
378
9054
120
10374
14070
2550
16118
17560
7461
3750
11727
9041
15506
6047
8108
10347
6508
11197
15258
10969
9230
13745
198
4142
1583
3092
8096
17595
2148
10169
3074
14397
2094
11983
3173
2781
9438
1985
10953
17429
6458
5846
3688
13978
16517
12622
16947
2487
1747
17366
10122
3195
3201
6842
12761
9450
14817
4359
3889
1666
13246
14085
14858
8688
15174
6898
5794
3948
12101
8906
16340
1760
5368
3849
10063
12911
3662
9769
15326
10773
4390
4841
4788
8830
16310
5080
10968
4591
12970
7607
8723
7016
8008
12249
9408
2015
7618
14849
10103
1555
6253
11782
4199
16132
7713
11121
13747
5959
16916
1945
13040
8043
13017
6808
67
10306
12528
7326
5335
6335
16740
8369
6258
13402
1682
3369
779
8875
11859
2918
12505
757
7569
8990
145
10101
17338
6476
1116
3055
10207
692
5721
1673
7559
9244
14054
9742
17537
15992
14046
7562
14066
10256
13276
11448
8257
9612
785
8487
13128
792
5737
990
7600
848
12011
4399
6995
195
9586
13316
14232
6036
13911
11227
17646
9243
2120
13375
3585
8727
2830
11896
379
15094
13767
117
15827
13009
8278
6080
6030
7633
9190
7662
4860
1148
6238
4319
6428
17185
10302
15100
11131
10990
7481
1199
11717
3979
9986
16644
4900
14579
15235
9985
14160
14686
5106
194
10424
10303
1897
16420
3875
10470
2692
9290
7735
13118
11841
16218
15377
11774
11682
15895
7808
12941
9784
11170
12097
17376
3473
10491
7897
2515
1029
4032
12421
14613
5325
544
16549
17071
8687
12047
5202
9790
8441
16168
16958
2724
3156
3828
4523
1534
3692
9652
5304
9386
13284
10591
9898
8816
5320
6786
7811
9618
2859
12765
10196
5405
2494
2430
2034
961
3725
10700
271
6408
8621
11836
7644
11506
632
5270
10160
13354
16829
14189
10709
7189
8958
7564
14754
16012
319
5119
16040
2424
2676
928
1346
4976
6375
11286
1153
14893
14693
15703
1696
17720
11103
11475
13545
16786
15635
7683
1332
6867
9325
1128
13241
2624
14546
1873
12410
15331
15083
9075
7518
5534
4122
5621
4657
10320
10100
246
12244
16062
16366
1453
1783
8474
11044
3851
14787
14314
9519
7589
11932
5857
4741
17354
1236
4450
2451
10540
9085
5882
16770
8551
6679
14254
6175
11786
12007
5843
15902
11706
11369
5488
9967
11201
13738
2943
8895
4308
2905
9991
9021
3864
11468
17738
13838
6295
6947
17100
10632
16393
3706
14350
12951
4400
5086
15311
5522
12303
12057
17026
4781
1971
11240
315
3946
3521
1687
13141
11060
9861
11289
13649
11494
1874
16171
8044
6351
12963
12129
8377
16470
14438
12469
7286
12175
8957
11064
7213
2278
14736
14749
15762
8784
9740
14806
7317
1489
17273
3650
1390
157
17526
3698
17320
17461
7818
1779
16808
311
8277
9468
13248
16236
12676
5181
1788
17088
17187
14377
17122
2180
8712
13908
9530
1616
7902
3133
7105
6319
13735
11511
11935
11663
6858
8053
15166
12375
15249
2575
1152
14881
12350
15020
3497
5919
6227
17411
8632
6424
4228
359
17281
10780
8660
647
10675
863
4074
5744
3160
10656
3651
13970
12702
1492
1679
12228
14037
12155
4773
6588
10017
12273
10984
5950
3009
12807
14905
12442
13570
15361
6468
7904
15639
16056
3121
11655
66
2425
16458
6171
14478
10394
414
13691
14399
11112
16372
5588
13828
15829
3984
3248
15512
15641
1355
1133
17103
7688
1533
1442
12808
16200
2622
16562
3005
3608
6771
12862
3695
3869
9039
996
8177
13798
5027
10935
14573
3030
9723
13064
2599
17419
88
13772
5816
7456
8492
8800
11125
1356
17069
2689
4898
11737
11937
9879
4273
11756
2774
12400
9817
8370
9497
7781
14384
14560
8932
3293
2418
14772
6766
598
4715
6046
5159
16296
2328
17566
17289
4712
13606
17676
9899
10741
15234
5789
12486
13467
5364
9551
10438
8433
3953
4406
2549
1464
10125
9251
16935
11878
10074
14474
11915
333
3633
4391
2372
10167
14785
1288
17754
15622
13290
6609
5051
7216
790
14190
2799
2441
8179
11020
12553
9375
14129
13808
1259
7071
5462
6580
10616
14555
11450
4876
4974
13988
4065
843
653
2964
435
2907
12280
7816
8427
12701
2522
1548
1266
16809
1065
1852
8399
10151
8499
12012
6169
6707
137
4196
8021
3096
11848
7289
8500
1645
1531
8491
1424
1104
1537
15328
1075
4403
8464
995
9067
11007
11771
3975
12597
1426
4824
8301
10015
5466
10225
2989
1396
5411
2521
9676
7604
6684
2969
2480
178
787
15674
34
14166
8107
8348
5503
11601
6546
594
8312
7272
13946
16349
4504
2837
14103
3976
4125
14586
13789
16854
7579
6916
16665
251
16055
4620
15387
4694
11956
5713
6968
9537
6899
5622
5166
12810
620
14503
1164
16155
4475
5639
11389
11165
6505
17615
5381
14338
8259
3747
13897
9595
14958
17436
3420
17274
1883
5773
8814
3861
1434
7645
3184
6758
13755
1036
11262
14914
13612
10528
16276
13519
6246
5705
2434
5811
15322
3686
7179
1959
11504
16676
1798
7040
10992
17109
13377
1637
2565
10786
11466
12017
13414
8064
8655
12343
7399
11080
7180
3204
3446
15002
10933
1937
10973
14429
851
11502
5496
13065
8724
16031
121
6446
6820
7328
8314
11159
10761
14934
10588
9935
9642
10600
15195
14047
773
187
2757
12841
6073
1050
16130
15225
2806
10123
11134
13712
10653
12981
1577
16149
2504
615
111
7751
5424
7749
10085
1543
1232
7220
5980
10158
7151
8449
15884
3122
6096
10048
14352
16252
16049
1558
8926
15979
8774
4305
12327
17725
2966
4482
1527
10926
17040
2500
16927
590
17190
600
13101
11033
5755
16408
11823
9884
16859
8839
2773
1773
1889
6821
1633
135
14857
11789
15047
1326
10252
1691
9872
2146
11017
3410
14837
6824
5801
8890
68
3895
9042
11344
6203
15034
2548
12484
9492
9115
6448
1103
106
2054
5332
13329
9914
16827
15977
8394
5043
13790
3772
760
7913
15215
9048
3702
15120
15385
8274
14970
988
10770
2422
14023
10441
5042
14209
12909
8803
16506
8511
9910
6886
12778
11647
15144
13427
10217
3923
12390
16779
776
11348
11056
8948
11469
6432
14605
1701
15610
5685
885
1438
12500
15530
13379
13192
9277
15076
6334
17244
11164
3886
3701
11057
10727
7472
11967
9754
17202
8728
6211
4850
4856
7297
13168
3901
15461
6589
4676
11972
15575
11679
12544
1427
15551
215
7102
2304
13388
10612
6339
10847
830
4377
103
2359
5032
10154
9835
17520
3676
1900
8637
4047
14513
3816
2681
13883
10423
14466
15017
2150
2630
2176
12106
7217
8522
8846
13029
17415
13803
7196
10878
7860
6762
13983
2344
14110
12782
12961
10958
12189
643
5634
14436
15060
17782
7003
550
7389
9691
14083
12034
7245
558
11072
17029
8009
15133
5780
17447
6018
16007
16693
16154
17424
14212
2209
6888
17097
2022
2056
6939
8798
14016
17717
2414
4983
7883
4202
6337
17401
6732
1376
13125
2805
17031
7309
4435
8382
4423
12503
11424
10927
11403
12360
6712
7103
4271
8344
10892
6414
2472
14197
16237
2739
12062
12094
15335
9167
1131
9869
7578
6591
16426
15818
17801
8112
3821
17218
5619
3543
14502
14132
13979
3728
11095
14223
288
15746
5456
3368
13184
16263
15793
5709
6581
11542
5575
2751
659
8456
14683
7575
1975
6548
9799
10767
12683
10323
11024
17499
1547
12678
2762
1998
2335
13522
10934
2310
13304
7056
5968
7273
17493
4530
17452
4831
13434
11187
6290
1987
7334
11406
13300
4312
4255
6903
9746
534
6734
8557
5851
5250
17194
2083
4924
4961
4708
16173
6037
218
14647
12495
3101
5703
14422
8178
14342
1246
15492
5240
3603
12830
4513
15637
11844
9133
1302
13083
13855
9427
9071
1206
14026
10902
4893
13286
9083
10789
13117
9720
470
7339
8904
5346
3389
6251
10824
4344
13566
5093
6269
9822
11575
16084
2138
16298
10099
2210
865
2901
13453
10188
6494
3007
10107
16645
3264
6918
10506
2415
5593
1458
14534
10079
15150
2399
15704
17624
15247
9507
9783
5343
12869
6020
16092
12324
1712
1455
7236
14596
12174
16574
1838
3280
12140
13063
7547
12499
14330
10117
5248
13482
4110
1638
14952
636
11446
8573
14261
16345
11205
9454
15798
15288
14173
8105
3995
9830
11261
8835
8540
4951
5091
15004
11363
4187
17024
2064
7542
13114
17680
5946
14285
10692
2738
11757
17576
3467
6038
10138
10623
13135
7775
2904
11814
828
4281
6497
17626
13577
1189
5059
8209
16875
982
8879
9065
2895
5688
10045
1499
17482
4845
2728
10164
8316
4210
2248
16389
2765
16513
12608
10752
13768
5804
14618
16607
5555
1744
12478
31
3903
6023
10096
13436
13006
9772
4819
1090
6805
15672
16647
574
6567
9955
5967
15993
2258
5943
11455
2343
6958
2796
16004
13942
10172
14009
4402
11614
16638
17102
13974
5741
9498
9946
10455
3181
4451
5493
15582
4160
6809
8752
12738
9429
15324
4478
9605
4078
7036
6652
10181
3449
11945
2142
10967
153
12520
13580
6876
10895
5890
10232
6868
7476
2577
4904
2683
17604
16008
16291
16826
2404
4884
5156
8739
13899
13233
2288
1930
7136
3218
11981
5931
10888
13518
9484
16028
17413
9973
10308
12514
10493
2725
14048
6778
13400
14716
10537
14108
12337
363
4037
8204
10654
9921
13932
3978
6628
7104
6538
6998
16137
3115
16217
17287
13619
10918
12947
6430
9030
13380
9369
3810
11819
2128
13535
17670
13525
4257
7864
8959
1878
7261
15356
488
2081
3900
12723
13710
6895
197
532
1078
2636
14365
8317
6746
9554
10198
12302
15080
14569
12902
4776
10954
4846
9696
16497
12516
15877
4075
12682
5740
3326
14459
10168
17159
8292
14
9833
3827
13976
2127
17596
15806
10930
16035
10061
2030
8068
5787
6811
14344
5133
2060
11053
2337
9587
6362
2601
10271
14869
12197
5951
14722
7938
13005
2182
3242
17370
7916
1886
8014
1064
3694
9888
10695
14879
14776
11801
12366
73
14141
14463
6692
2591
445
4498
9344
15772
12433
10426
14089
13165
690
360
13160
5473
7274
16887
10366
2201
3278
17707
7138
11161
6932
8548
13540
11590
9600
165
16777
1057
17095
623
11171
1623
12356
3436
9724
483
6331
11077
11404
3989
12005
12577
12050
7984
7349
2947
8542
7447
3880
1409
1100
1564
15817
617
16998
59
7019
6731
3905
13417
11123
14985
4635
16330
12385
4984
10288
7080
15596
3486
1066
14797
4554
14042
14312
6633
11964
13412
1061
5636
4802
4011
7504
15994
900
12226
1250
14144
6882
17416
11528
5067
10652
13503
9778
3419
5454
13496
17339
1140
8061
12612
5546
13815
14473
14113
5157
17529
15632
4021
10060
17143
3094
13849
758
11558
399
17311
10377
16446
14923
14675
4127
1209
15065
6276
4750
15382
15985
15338
14053
3373
8414
2801
8692
10501
4194
1220
14741
7962
10799
10255
5232
244
3838
1974
11521
15273
1967
57
14700
12458
16230
11238
13637
9032
13542
13078
16404
3354
3794
11773
14470
13511
4670
3382
467
3118
3611
11644
3396
8071
17016
13499
12451
751
1698
4965
11068
8120
8568
1120
17639
15164
13891
15819
14360
9837
11234
2535
795
6366
817
12525
3461
4474
14765
11086
3740
16357
2720
12773
11268
9132
1540
9213
9522
808
13754
8731
8157
15368
702
3414
13746
7772
9314
5283
10488
6332
16047
14308
701
12072
10965
4093
13602
3669
11075
14118
5664
10285
1506
1934
17755
3105
11621
8196
12749
2532
2065
2961
6357
5439
12184
10253
1615
16804
15416
827
14566
4768
3720
13961
6244
7148
13143
6125
13613
393
14983
569
2759
3431
1818
8920
8004
5964
8732
13195
5810
7912
13834
13413
13307
5938
5030
10833
17697
7375
6627
8685
11477
12640
201
10548
4870
14954
15187
3320
10688
7462
16245
8933
16113
13214
12931
16583
3255
5256
14927
6131
17007
9756
9326
11270
16238
11158
5638
11491
12403
7878
11265
4365
5438
17292
9451
423
9233
16061
8236
1403
9550
17443
13753
8131
3348
12521
8837
4449
16266
9996
6065
10406
13171
14195
14768
6496
14561
11723
10276
7796
807
7287
189
14127
7451
5444
2667
15774
3765
8214
15697
5253
6378
5751
14796
4116
10725
3625
12629
8190
13557
6726
13342
15260
3622
1562
9236
1123
16356
8975
5597
7073
4361
6586
12247
13018
2298
9549
1668
10686
1026
17637
4902
1929
17265
11307
8928
4111
2977
112
10525
16545
13567
17191
7617
7682
16261
12555
15245
7783
12224
13739
12795
10490
17423
5936
11881
13049
3693
6665
14810
10526
16142
2454
12649
8123
14472
6547
3283
15673
17507
6491
7438
10666
14540
6717
5275
2995
12210
16166
13002
9521
6502
6421
17246
10229
6342
12727
15134
8290
10400
6510
16447
5972
12740
7470
15956
762
9930
13254
13318
7439
8400
14292
10451
3161
11124
7313
6988
1478
11342
12672
6602
6993
15323
12305
7355
697
3372
12319
11837
9952
3775
16905
9421
16440
15734
4811
5260
14188
7612
12680
16836
6554
7281
3991
6667
5167
455
11866
12565
6841
16540
3505
17618
9581
14753
7388
4595
7557
14771
1630
13907
17515
3619
11798
1490
2953
2579
13539
1389
1793
6068
14968
1095
2270
13587
8051
3416
13407
15563
17644
16474
14050
16385
14553
11939
5295
11157
1422
606
17255
2635
5390
10849
13308
5572
2033
32
17010
542
5838
5124
2873
5239
3301
15179
16459
15291
16995
14323
2194
9316
7007
2129
3153
12746
9210
998
11877
16445
14674
1872
14194
17351
2259
11430
2537
2647
3205
5041
3564
14337
10931
13725
12156
16628
1880
17448
1824
722
5434
8416
11442
15375
16498
5728
12440
507
16125
12241
9931
12313
5822
17127
11764
14911
11715
12212
12289
10995
16299
14175
14876
1568
10874
7657
1724
14678
17317
14692
9289
9390
13679
2484
7132
5412
4001
16525
15117
13087
4647
15719
1931
10657
3245
13547
2023
2482
7111
14431
15118
10345
3609
12962
11244
1395
7197
22
3405
13144
4152
4431
14685
2860
6626
2136
17184
6440
6387
6236
3491
3027
14652
4794
8213
15318
4445
12256
771
9334
9601
16912
15470
10939
12498
2253
9979
9447
13115
11439
17745
5693
7990
9993
6364
2846
14411
10940
15880
13616
10221
14101
12831
15384
10204
547
2880
16503
3647
12714
10504
5451
14634
1412
12041
6517
2562
2923
11863
3519
747
7658
12568
10815
9455
15739
13901
16664
14296
4115
17751
1762
11989
12784
13791
11913
11561
8425
5714
5440
10270
6469
10458
10757
16713
14278
7721
14355
8918
16027
9383
6693
10393
5389
3766
11520
11259
8159
13107
8791
17089
12471
2193
4650
14551
7638
14059
10109
12523
12016
12711
1685
17178
5254
13590
13600
5337
15974
13731
9400
10121
7120
11260
10250
9012
15095
7100
4131
15239
11106
17799
15578
8398
16748
17175
12223
5760
15986
11333
4058
14340
15657
11513
15057
4711
6606
6451
8406
11670
11027
16616
14020
9256
7873
2645
11524
1719
2835
15172
10729
13108
12376
15700
5485
15950
8410
10578
6711
17365
14695
2746
2712
10862
10110
3211
17301
13969
1792
7450
17404
3734
15721
4655
11585
5958
15376
4562
17375
11608
9293
2554
2827
12921
15536
16034
16278
1697
15085
3804
1702
8956
15695
11518
8809
16225
8198
10463
3963
12999
2596
3296
8288
15837
10018
6344
16864
13638
14435
10884
14367
10371
10740
1374
10755
2345
7501
1976
14856
13122
17700
9489
14230
10452
2855
12548
7093
387
9798
1777
5847
797
1172
9355
6
9999
9528
4446
9502
3623
1683
16699
13867
7173
5323
15077
2111
13322
16433
4700
3550
12899
11580
14276
14099
13848
7829
6486
10758
11979
12460
3152
14300
903
6152
11865
11317
9238
263
9339
14872
10963
17662
4389
2410
9513
11927
3285
3817
16325
16830
3763
9480
10897
15373
15082
10187
17367
14092
14315
5695
17690
1589
16399
4607
65
11501
13604
15240
3811
126
5128
17458
2157
16782
2655
5274
17561
3413
11346
9274
14385
5098
1055
9349
2391
14887
160
11545
6542
7190
17628
9364
17222
16014
13172
11039
9731
845
11642
12955
5499
16763
1962
2609
9992
12245
3806
11308
12183
4669
13021
3277
10749
6827
16531
11541
7090
8664
3643
1808
6356
13541
4644
1737
2080
16762
3400
8451
12912
15497
3026
15212
16938
10887
17037
10216
15422
2477
12470
432
8258
5547
4217
14655
15464
9150
8185
5661
5141
12482
8311
5079
15519
7549
15208
5937
16851
2385
13247
12002
14651
11218
3258
221
10128
17310
8099
15937
14137
7033
7493
14815
284
16750
9852
8999
11993
8050
3921
14439
5418
3131
15427
14374
12627
5527
1862
12438
9394
15102
9050
15920
2323
6710
6640
6953
10411
7494
10630
3754
7074
8139
10439
625
11116
17420
10261
4619
14358
1127
7565
1591
4643
755
16524
9677
15439
336
14991
856
10594
1392
7809
7198
6052
11660
1964
15951
2896
12063
8654
8639
16630
5328
7301
3359
2811
14711
876
10239
14670
8469
12254
4892
12093
15428
17296
2627
6763
5072
2578
12892
14821
2761
9416
2038
1334
13116
11458
10814
1371
1408
3515
4357
8949
2154
2092
7385
9006
9446
3353
6617
7157
2972
11531
13958
428
14250
9285
12427
14667
4985
15086
2586
11552
213
8691
4914
4642
6271
8786
281
16429
12040
13737
8463
6382
16568
6807
4469
5854
12997
9764
8527
1001
16606
10913
13785
3507
17758
11957
11952
16019
14100
15741
3298
8870
2603
6845
9220
13292
788
7728
17139
9033
9788
11579
15649
4692
4820
2673
16373
2190
642
11539
5011
1144
1768
1732
480
4604
16952
16444
735
7386
8505
2036
4767
765
5528
10622
8680
15495
10957
15585
6348
8968
7202
13592
11174
14841
8961
5521
11347
10962
12835
16604
17285
16556
3577
11041
8059
15435
1351
16701
2257
11586
7546
10202
9678
1571
16956
9136
9708
17491
3710
13995
9810
9321
6788
1049
3297
243
10038
2041
13374
3927
1729
7135
1796
2096
16365
14816
9481
3768
5833
3601
13418
6307
16453
15042
1440
11751
13889
12653
3103
11456
8028
16089
15075
14883
8180
494
6204
7704
15862
17456
16020
12297
5841
14599
17319
9722
7070
6174
1791
8536
4615
242
17671
12314
3733
8117
938
13091
3760
1308
14602
3960
14752
5939
4638
6056
15508
1510
9464
16690
10459
14446
13862
15881
14488
8942
17229
13544
8459
13517
13267
3645
6060
13463
3295
13927
1552
13335
277
12084
947
11570
9335
2988
12722
1884
7671
2140
17788
15104
16929
3146
4618
4932
5999
10033
12977
1639
9120
10247
9323
7720
4143
8046
12595
8973
5179
9900
1419
13609
13793
9793
16674
14351
2093
14533
12036
10890
14986
1121
2390
12441
5840
3607
23
9212
16151
1046
16249
6389
17773
4937
17522
17753
8580
2378
6799
8715
8241
2205
12788
6673
220
10500
8611
12392
13776
5516
10586
15433
1908
1992
9119
6661
12693
1932
13220
6453
15417
8945
10502
8497
7509
10808
12502
6540
2412
1079
17675
9712
8488
1082
4295
15787
3819
1052
8623
17781
13625
7599
16727
15808
8513
15177
4330
1387
12310
7678
454
12542
14701
15828
6280
7341
15499
4410
9961
14437
11966
14640
8287
5203
17579
16170
950
13109
13692
17620
8539
1736
16558
17454
12148
5062
3711
3135
15539
973
13817
4256
12298
3837
14539
186
2820
3275
10693
12285
11006
5511
10543
15943
10734
6849
7171
15257
10182
2396
1758
4170
13732
13462
11686
17723
10197
9146
1790
15486
13148
15197
7955
12877
14447
8475
13397
12274
1797
17393
11941
13885
1686
13440
1829
2006
14443
9098
516
13824
13376
12330
17484
10337
979
10484
3826
17048
16405
12134
6369
10355
7894
16984
12443
9730
504
17478
14890
15980
13589
12073
3311
8431
10881
13822
14902
1927
9099
3793
12822
10265
13631
15252
2374
2393
9352
4441
8644
1938
15615
6681
6004
16081
7150
13514
9123
12128
11375
17718
11827
13406
14832
8152
11397
16201
2713
10467
12066
8111
16401
1261
13906
12099
4207
15538
9749
9582
6913
16595
14125
5057
17598
901
12389
15803
17136
14525
17283
9915
13546
11169
2718
3129
3162
7458
9217
15931
16090
6155
11334
6660
16473
14672
17241
7854
8384
2435
7486
13146
13804
15203
509
11496
13457
16383
12229
5802
11042
15167
7619
8113
2841
2604
9154
14519
8707
8713
14739
10988
13042
2659
10762
12318
5105
15074
5730
2687
17445
13234
17668
3971
8328
2009
13864
13262
297
1569
16717
16467
5745
7497
7747
4998
16529
7437
11090
15577
16350
8882
3776
4044
5396
11253
2341
10873
10112
15897
16460
14814
10388
6900
10648
10624
17586
1329
13588
6144
11933
11145
15929
1968
16753
7581
4696
17467
10811
5601
11337
7366
9881
2208
15016
10476
14536
11029
6555
11285
3035
13714
14332
8571
3885
1375
2829
4751
14486
8913
6124
10576
4494
9359
14159
1405
3985
384
11668
14015
11793
6098
10234
17225
1407
10564
3661
657
14717
16417
16150
7670
1815
6221
1435
2462
15782
13372
2044
5303
9710
15092
10454
11767
4963
9975
4180
10404
10978
4592
181
13447
6463
4934
16977
10464
16274
4508
13119
9169
3166
3234
3143
15921
3403
717
1923
2299
10823
17160
1272
3493
17141
17224
14662
1313
12995
3617
2162
6798
13483
9672
3402
6181
15129
16209
4919
14327
804
8119
4309
5482
9457
17563
15219
1452
17710
17356
1488
11490
853
325
11461
10979
8454
11708
11676
12865
934
11569
13950
2567
5582
2745
17085
10790
8146
5358
15556
1530
9819
10241
16841
17656
9570
1264
12444
15840
16643
10567
2186
7563
11893
14273
8235
9818
4459
2769
8788
16745
3321
12940
3689
13583
5668
1505
7186
11295
8237
11415
7855
14577
10679
6873
1892
13355
15488
13415
6583
4082
16466
12506
4782
16069
13816
13620
4369
5038
5068
16382
2280
12754
8836
16533
10742
10702
8826
9252
15012
439
677
10707
10378
8858
3220
17093
18
5627
9517
12485
15106
6043
13506
10915
9322
8898
4225
13844
16730
14974
1271
6418
10478
17145
1161
11816
14006
1595
13277
9134
5827
17207
12299
17322
14363
1776
8355
2534
5118
10445
5909
7841
11659
17144
5384
603
1432
7869
9984
6765
3656
12013
8352
15901
5461
5031
13438
6910
14142
5864
14809
4889
4533
2290
14271
3681
16410
430
13058
14959
7928
12080
15555
11351
16013
16744
1743
9711
10058
4290
7152
2589
3022
15111
10951
7794
2007
2511
16855
10751
13416
5913
11559
2993
8907
3262
11186
8272
581
16560
16548
10959
4261
7129
12828
11704
365
8782
16576
2597
11473
12464
15303
6822
9092
15143
8426
7675
56
2916
6071
11105
12463
16058
4730
17630
9755
12856
11982
5848
11390
15690
17373
3986
17051
12450
14957
10469
1674
1321
3480
1813
5309
4536
13902
13183
9738
16688
11480
13162
8852
11163
6059
16203
9692
7269
12429
3422
3448
433
17314
12123
3209
16280
4337
13393
17213
8553
3589
6737
8530
366
17400
9823
585
6818
2709
11003
7605
2339
4753
4020
15263
15194
8089
8397
3865
6658
2752
3856
16332
15580
4835
17435
17150
6600
6610
17632
15899
11482
7805
8855
8122
6753
7526
4908
15589
9211
8467
12684
7821
6592
5560
5220
19
847
16544
17599
12656
14547
7797
13532
10955
5701
2282
5305
16462
11156
10617
1096
2608
15565
6420
16003
5815
15155
4104
1692
12589
13536
15110
17199
4176
13086
16009
6594
272
2651
7187
13151
17181
14094
6852
15523
17760
16292
10114
17108
13324
3428
14936
15014
5542
12359
11918
6978
14191
6358
10173
7640
11744
12713
8995
10560
4368
12190
7774
14001
15515
506
10293
13992
6716
7895
4614
708
5867
9593
3437
16898
5656
14567
5736
1430
10373
6044
12481
6571
15154
9124
11724
3289
16481
16685
8037
8182
14162
862
10368
2175
9018
15459
17568
9102
17407
17688
13194
2638
2678
3992
17020
6005
3313
7631
12590
491
11034
13373
7731
15909
4249
6233
17724
15896
4625
5136
519
7887
2373
7098
12826
12781
761
15753
1961
14995
1522
11464
4852
10330
1542
17015
17240
13073
7810
12744
3139
1365
13279
2592
4905
15702
2920
11433
14522
5427
4141
1040
9381
11216
15593
12833
14632
9773
14386
16555
529
9198
4891
2330
15277
9503
3665
5727
16675
13088
14135
12913
886
2706
16726
9774
4510
6322
8867
7586
15541
13953
12537
1200
12917
3363
0
